time,feet,centimeters,tide
2016-01-01 03:08:00 UTC,10.3,314,H
2016-01-01 09:37:00 UTC,2.2,67,L
2016-01-01 16:04:00 UTC,10.8,329,H
2016-01-01 22:27:00 UTC,4.3,131,L
2016-01-02 04:04:00 UTC,9.4,287,H
2016-01-02 10:25:00 UTC,3.2,98,L
2016-01-02 16:52:00 UTC,10.6,323,H
2016-01-02 23:39:00 UTC,4.2,128,L
2016-01-03 05:09:00 UTC,8.7,265,H
2016-01-03 11:23:00 UTC,4.0,122,L
2016-01-03 17:45:00 UTC,10.6,323,H
2016-01-04 00:52:00 UTC,3.6,110,L
2016-01-04 06:27:00 UTC,8.4,256,H
2016-01-04 12:30:00 UTC,4.5,137,L
2016-01-04 18:40:00 UTC,10.9,332,H
2016-01-05 01:52:00 UTC,2.8,85,L
2016-01-05 07:48:00 UTC,8.6,262,H
2016-01-05 13:33:00 UTC,4.7,143,L
2016-01-05 19:35:00 UTC,11.3,344,H
2016-01-06 02:42:00 UTC,1.8,55,L
2016-01-06 08:52:00 UTC,9.1,277,H
2016-01-06 14:26:00 UTC,4.5,137,L
2016-01-06 20:24:00 UTC,11.9,363,H
2016-01-07 03:25:00 UTC,0.9,27,L
2016-01-07 09:41:00 UTC,9.8,299,H
2016-01-07 15:14:00 UTC,4.3,131,L
2016-01-07 21:09:00 UTC,12.6,384,H
2016-01-08 04:05:00 UTC,-0.1,-3,L
2016-01-08 10:22:00 UTC,10.6,323,H
2016-01-08 15:57:00 UTC,3.9,119,L
2016-01-08 21:51:00 UTC,13.3,405,H
2016-01-09 04:44:00 UTC,-0.9,-27,L
2016-01-09 10:59:00 UTC,11.3,344,H
2016-01-09 16:39:00 UTC,3.4,104,L
2016-01-09 22:32:00 UTC,13.8,421,H
2016-01-10 05:21:00 UTC,-1.5,-46,L
2016-01-10 11:36:00 UTC,11.9,363,H
2016-01-10 17:20:00 UTC,3.0,91,L
2016-01-10 23:12:00 UTC,14.2,433,H
2016-01-11 05:59:00 UTC,-1.9,-58,L
2016-01-11 12:13:00 UTC,12.3,375,H
2016-01-11 18:01:00 UTC,2.6,79,L
2016-01-11 23:54:00 UTC,14.4,439,H
2016-01-12 06:36:00 UTC,-2.0,-61,L
2016-01-12 12:52:00 UTC,12.6,384,H
2016-01-12 18:43:00 UTC,2.3,70,L
2016-01-13 00:37:00 UTC,14.2,433,H
2016-01-13 07:15:00 UTC,-1.7,-52,L
2016-01-13 13:32:00 UTC,12.8,390,H
2016-01-13 19:29:00 UTC,2.2,67,L
2016-01-14 01:23:00 UTC,13.6,415,H
2016-01-14 07:56:00 UTC,-1.1,-34,L
2016-01-14 14:16:00 UTC,12.9,393,H
2016-01-14 20:18:00 UTC,2.1,64,L
2016-01-15 02:14:00 UTC,12.7,387,H
2016-01-15 08:39:00 UTC,-0.2,-6,L
2016-01-15 15:03:00 UTC,12.8,390,H
2016-01-15 21:15:00 UTC,2.2,67,L
2016-01-16 03:11:00 UTC,11.6,354,H
2016-01-16 09:28:00 UTC,1.0,30,L
2016-01-16 15:54:00 UTC,12.7,387,H
2016-01-16 22:22:00 UTC,2.2,67,L
2016-01-17 04:16:00 UTC,10.5,320,H
2016-01-17 10:25:00 UTC,2.2,67,L
2016-01-17 16:50:00 UTC,12.5,381,H
2016-01-17 23:40:00 UTC,2.0,61,L
2016-01-18 05:32:00 UTC,9.7,296,H
2016-01-18 11:34:00 UTC,3.2,98,L
2016-01-18 17:52:00 UTC,12.4,378,H
2016-01-19 00:59:00 UTC,1.4,43,L
2016-01-19 07:01:00 UTC,9.4,287,H
2016-01-19 12:51:00 UTC,3.8,116,L
2016-01-19 19:00:00 UTC,12.6,384,H
2016-01-20 02:09:00 UTC,0.5,15,L
2016-01-20 08:26:00 UTC,9.7,296,H
2016-01-20 14:03:00 UTC,3.9,119,L
2016-01-20 20:06:00 UTC,12.9,393,H
2016-01-21 03:08:00 UTC,-0.4,-12,L
2016-01-21 09:32:00 UTC,10.4,317,H
2016-01-21 15:05:00 UTC,3.6,110,L
2016-01-21 21:04:00 UTC,13.3,405,H
2016-01-22 04:00:00 UTC,-1.1,-34,L
2016-01-22 10:24:00 UTC,11.1,338,H
2016-01-22 15:59:00 UTC,3.2,98,L
2016-01-22 21:55:00 UTC,13.7,418,H
2016-01-23 04:46:00 UTC,-1.6,-49,L
2016-01-23 11:07:00 UTC,11.6,354,H
2016-01-23 16:48:00 UTC,2.8,85,L
2016-01-23 22:41:00 UTC,13.9,424,H
2016-01-24 05:28:00 UTC,-1.7,-52,L
2016-01-24 11:44:00 UTC,12.0,366,H
2016-01-24 17:31:00 UTC,2.5,76,L
2016-01-24 23:22:00 UTC,13.9,424,H
2016-01-25 06:05:00 UTC,-1.6,-49,L
2016-01-25 12:19:00 UTC,12.2,372,H
2016-01-25 18:11:00 UTC,2.3,70,L
2016-01-26 00:00:00 UTC,13.6,415,H
2016-01-26 06:41:00 UTC,-1.3,-40,L
2016-01-26 12:52:00 UTC,12.2,372,H
2016-01-26 18:49:00 UTC,2.3,70,L
2016-01-27 00:37:00 UTC,13.1,399,H
2016-01-27 07:14:00 UTC,-0.7,-21,L
2016-01-27 13:25:00 UTC,12.1,369,H
2016-01-27 19:26:00 UTC,2.4,73,L
2016-01-28 01:14:00 UTC,12.4,378,H
2016-01-28 07:46:00 UTC,0.1,3,L
2016-01-28 13:58:00 UTC,11.9,363,H
2016-01-28 20:04:00 UTC,2.6,79,L
2016-01-29 01:53:00 UTC,11.6,354,H
2016-01-29 08:17:00 UTC,1.1,34,L
2016-01-29 14:32:00 UTC,11.6,354,H
2016-01-29 20:43:00 UTC,2.9,88,L
2016-01-30 02:34:00 UTC,10.7,326,H
2016-01-30 08:49:00 UTC,2.0,61,L
2016-01-30 15:09:00 UTC,11.3,344,H
2016-01-30 21:29:00 UTC,3.2,98,L
2016-01-31 03:21:00 UTC,9.7,296,H
2016-01-31 09:24:00 UTC,3.0,91,L
2016-01-31 15:50:00 UTC,10.9,332,H
2016-01-31 22:24:00 UTC,3.5,107,L
2016-02-01 04:15:00 UTC,8.9,271,H
2016-02-01 10:07:00 UTC,4.0,122,L
2016-02-01 16:38:00 UTC,10.7,326,H
2016-02-01 23:36:00 UTC,3.5,107,L
2016-02-02 05:22:00 UTC,8.2,250,H
2016-02-02 11:07:00 UTC,4.8,146,L
2016-02-02 17:33:00 UTC,10.6,323,H
2016-02-03 00:53:00 UTC,3.1,94,L
2016-02-03 06:46:00 UTC,8.0,244,H
2016-02-03 12:29:00 UTC,5.2,158,L
2016-02-03 18:37:00 UTC,10.7,326,H
2016-02-04 01:59:00 UTC,2.3,70,L
2016-02-04 08:10:00 UTC,8.5,259,H
2016-02-04 13:44:00 UTC,5.1,155,L
2016-02-04 19:41:00 UTC,11.2,341,H
2016-02-05 02:52:00 UTC,1.3,40,L
2016-02-05 09:11:00 UTC,9.3,283,H
2016-02-05 14:43:00 UTC,4.5,137,L
2016-02-05 20:38:00 UTC,12.0,366,H
2016-02-06 03:38:00 UTC,0.2,6,L
2016-02-06 09:57:00 UTC,10.3,314,H
2016-02-06 15:34:00 UTC,3.8,116,L
2016-02-06 21:29:00 UTC,12.9,393,H
2016-02-07 04:20:00 UTC,-0.8,-24,L
2016-02-07 10:36:00 UTC,11.2,341,H
2016-02-07 16:20:00 UTC,2.9,88,L
2016-02-07 22:15:00 UTC,13.7,418,H
2016-02-08 05:00:00 UTC,-1.6,-49,L
2016-02-08 11:13:00 UTC,12.2,372,H
2016-02-08 17:04:00 UTC,2.0,61,L
2016-02-08 22:59:00 UTC,14.3,436,H
2016-02-09 05:39:00 UTC,-2.1,-64,L
2016-02-09 11:50:00 UTC,12.9,393,H
2016-02-09 17:47:00 UTC,1.2,37,L
2016-02-09 23:43:00 UTC,14.6,445,H
2016-02-10 06:18:00 UTC,-2.2,-67,L
2016-02-10 12:28:00 UTC,13.5,411,H
2016-02-10 18:31:00 UTC,0.6,18,L
2016-02-11 00:28:00 UTC,14.5,442,H
2016-02-11 06:57:00 UTC,-1.9,-58,L
2016-02-11 13:07:00 UTC,13.8,421,H
2016-02-11 19:16:00 UTC,0.2,6,L
2016-02-12 01:15:00 UTC,13.9,424,H
2016-02-12 07:37:00 UTC,-1.1,-34,L
2016-02-12 13:49:00 UTC,13.8,421,H
2016-02-12 20:04:00 UTC,0.2,6,L
2016-02-13 02:05:00 UTC,12.9,393,H
2016-02-13 08:19:00 UTC,0.0,0,L
2016-02-13 14:34:00 UTC,13.6,415,H
2016-02-13 20:57:00 UTC,0.5,15,L
2016-02-14 02:59:00 UTC,11.7,357,H
2016-02-14 09:05:00 UTC,1.3,40,L
2016-02-14 15:23:00 UTC,13.1,399,H
2016-02-14 21:59:00 UTC,0.9,27,L
2016-02-15 04:01:00 UTC,10.4,317,H
2016-02-15 09:58:00 UTC,2.6,79,L
2016-02-15 16:17:00 UTC,12.5,381,H
2016-02-15 23:12:00 UTC,1.3,40,L
2016-02-16 05:15:00 UTC,9.4,287,H
2016-02-16 11:07:00 UTC,3.8,116,L
2016-02-16 17:21:00 UTC,11.9,363,H
2016-02-17 00:36:00 UTC,1.3,40,L
2016-02-17 06:48:00 UTC,9.0,274,H
2016-02-17 12:34:00 UTC,4.4,134,L
2016-02-17 18:36:00 UTC,11.6,354,H
2016-02-18 01:53:00 UTC,0.9,27,L
2016-02-18 08:21:00 UTC,9.3,283,H
2016-02-18 13:55:00 UTC,4.3,131,L
2016-02-18 19:53:00 UTC,11.8,360,H
2016-02-19 02:57:00 UTC,0.3,9,L
2016-02-19 09:27:00 UTC,10.0,305,H
2016-02-19 15:01:00 UTC,3.8,116,L
2016-02-19 20:58:00 UTC,12.2,372,H
2016-02-20 03:49:00 UTC,-0.3,-9,L
2016-02-20 10:14:00 UTC,10.8,329,H
2016-02-20 15:54:00 UTC,3.1,94,L
2016-02-20 21:50:00 UTC,12.6,384,H
2016-02-21 04:33:00 UTC,-0.7,-21,L
2016-02-21 10:52:00 UTC,11.4,347,H
2016-02-21 16:39:00 UTC,2.5,76,L
2016-02-21 22:34:00 UTC,13.0,396,H
2016-02-22 05:11:00 UTC,-0.9,-27,L
2016-02-22 11:24:00 UTC,11.9,363,H
2016-02-22 17:19:00 UTC,1.9,58,L
2016-02-22 23:11:00 UTC,13.1,399,H
2016-02-23 05:45:00 UTC,-0.8,-24,L
2016-02-23 11:53:00 UTC,12.2,372,H
2016-02-23 17:55:00 UTC,1.5,46,L
2016-02-23 23:46:00 UTC,13.1,399,H
2016-02-24 06:16:00 UTC,-0.6,-18,L
2016-02-24 12:21:00 UTC,12.3,375,H
2016-02-24 18:28:00 UTC,1.3,40,L
2016-02-25 00:20:00 UTC,12.8,390,H
2016-02-25 06:46:00 UTC,-0.1,-3,L
2016-02-25 12:49:00 UTC,12.4,378,H
2016-02-25 19:00:00 UTC,1.2,37,L
2016-02-26 00:54:00 UTC,12.3,375,H
2016-02-26 07:14:00 UTC,0.5,15,L
2016-02-26 13:18:00 UTC,12.2,372,H
2016-02-26 19:33:00 UTC,1.3,40,L
2016-02-27 01:29:00 UTC,11.7,357,H
2016-02-27 07:42:00 UTC,1.3,40,L
2016-02-27 13:48:00 UTC,12.0,366,H
2016-02-27 20:07:00 UTC,1.6,49,L
2016-02-28 02:06:00 UTC,10.9,332,H
2016-02-28 08:10:00 UTC,2.1,64,L
2016-02-28 14:21:00 UTC,11.6,354,H
2016-02-28 20:43:00 UTC,2.0,61,L
2016-02-29 02:48:00 UTC,10.0,305,H
2016-02-29 08:39:00 UTC,3.0,91,L
2016-02-29 14:59:00 UTC,11.2,341,H
2016-02-29 21:27:00 UTC,2.4,73,L
2016-03-01 03:36:00 UTC,9.2,280,H
2016-03-01 09:15:00 UTC,3.9,119,L
2016-03-01 15:42:00 UTC,10.7,326,H
2016-03-01 22:25:00 UTC,2.8,85,L
2016-03-02 04:36:00 UTC,8.4,256,H
2016-03-02 10:04:00 UTC,4.7,143,L
2016-03-02 16:36:00 UTC,10.4,317,H
2016-03-02 23:44:00 UTC,2.9,88,L
2016-03-03 05:52:00 UTC,8.1,247,H
2016-03-03 11:26:00 UTC,5.3,162,L
2016-03-03 17:44:00 UTC,10.2,311,H
2016-03-04 01:08:00 UTC,2.4,73,L
2016-03-04 07:21:00 UTC,8.4,256,H
2016-03-04 13:05:00 UTC,5.2,158,L
2016-03-04 18:59:00 UTC,10.6,323,H
2016-03-05 02:13:00 UTC,1.5,46,L
2016-03-05 08:32:00 UTC,9.2,280,H
2016-03-05 14:16:00 UTC,4.4,134,L
2016-03-05 20:08:00 UTC,11.4,347,H
2016-03-06 03:05:00 UTC,0.5,15,L
2016-03-06 09:23:00 UTC,10.3,314,H
2016-03-06 15:12:00 UTC,3.3,101,L
2016-03-06 21:07:00 UTC,12.4,378,H
2016-03-07 03:51:00 UTC,-0.5,-15,L
2016-03-07 10:04:00 UTC,11.5,351,H
2016-03-07 16:01:00 UTC,2.0,61,L
2016-03-07 21:58:00 UTC,13.4,408,H
2016-03-08 04:33:00 UTC,-1.3,-40,L
2016-03-08 10:43:00 UTC,12.7,387,H
2016-03-08 16:46:00 UTC,0.7,21,L
2016-03-08 22:46:00 UTC,14.2,433,H
2016-03-09 05:14:00 UTC,-1.7,-52,L
2016-03-09 11:21:00 UTC,13.6,415,H
2016-03-09 17:31:00 UTC,-0.5,-15,L
2016-03-09 23:32:00 UTC,14.6,445,H
2016-03-10 05:55:00 UTC,-1.8,-55,L
2016-03-10 12:00:00 UTC,14.3,436,H
2016-03-10 18:15:00 UTC,-1.3,-40,L
2016-03-11 00:18:00 UTC,14.5,442,H
2016-03-11 06:35:00 UTC,-1.4,-43,L
2016-03-11 12:39:00 UTC,14.6,445,H
2016-03-11 19:00:00 UTC,-1.6,-49,L
2016-03-12 01:05:00 UTC,13.9,424,H
2016-03-12 07:16:00 UTC,-0.6,-18,L
2016-03-12 13:21:00 UTC,14.5,442,H
2016-03-12 19:48:00 UTC,-1.5,-46,L
2016-03-13 01:54:00 UTC,12.9,393,H
2016-03-13 07:58:00 UTC,0.5,15,L
2016-03-13 14:05:00 UTC,14.0,427,H
2016-03-13 20:39:00 UTC,-1.0,-30,L
2016-03-14 02:48:00 UTC,11.7,357,H
2016-03-14 08:45:00 UTC,1.8,55,L
2016-03-14 14:54:00 UTC,13.2,402,H
2016-03-14 21:37:00 UTC,-0.1,-3,L
2016-03-15 03:49:00 UTC,10.4,317,H
2016-03-15 09:39:00 UTC,3.1,94,L
2016-03-15 15:49:00 UTC,12.2,372,H
2016-03-15 22:46:00 UTC,0.8,24,L
2016-03-16 05:01:00 UTC,9.4,287,H
2016-03-16 10:51:00 UTC,4.2,128,L
2016-03-16 16:54:00 UTC,11.2,341,H
2016-03-17 00:10:00 UTC,1.3,40,L
2016-03-17 06:33:00 UTC,9.0,274,H
2016-03-17 12:25:00 UTC,4.6,140,L
2016-03-17 18:15:00 UTC,10.7,326,H
2016-03-18 01:31:00 UTC,1.3,40,L
2016-03-18 08:05:00 UTC,9.3,283,H
2016-03-18 13:50:00 UTC,4.3,131,L
2016-03-18 19:41:00 UTC,10.7,326,H
2016-03-19 02:36:00 UTC,0.9,27,L
2016-03-19 09:07:00 UTC,10.0,305,H
2016-03-19 14:54:00 UTC,3.5,107,L
2016-03-19 20:50:00 UTC,11.1,338,H
2016-03-20 03:27:00 UTC,0.6,18,L
2016-03-20 09:51:00 UTC,10.7,326,H
2016-03-20 15:44:00 UTC,2.6,79,L
2016-03-20 21:42:00 UTC,11.6,354,H
2016-03-21 04:09:00 UTC,0.3,9,L
2016-03-21 10:25:00 UTC,11.3,344,H
2016-03-21 16:25:00 UTC,1.8,55,L
2016-03-21 22:23:00 UTC,12.0,366,H
2016-03-22 04:46:00 UTC,0.2,6,L
2016-03-22 10:54:00 UTC,11.9,363,H
2016-03-22 17:01:00 UTC,1.1,34,L
2016-03-22 22:58:00 UTC,12.3,375,H
2016-03-23 05:18:00 UTC,0.2,6,L
2016-03-23 11:20:00 UTC,12.2,372,H
2016-03-23 17:34:00 UTC,0.6,18,L
2016-03-23 23:31:00 UTC,12.4,378,H
2016-03-24 05:48:00 UTC,0.4,12,L
2016-03-24 11:46:00 UTC,12.5,381,H
2016-03-24 18:05:00 UTC,0.3,9,L
2016-03-25 00:02:00 UTC,12.3,375,H
2016-03-25 06:16:00 UTC,0.8,24,L
2016-03-25 12:12:00 UTC,12.6,384,H
2016-03-25 18:35:00 UTC,0.1,3,L
2016-03-26 00:34:00 UTC,12.0,366,H
2016-03-26 06:43:00 UTC,1.2,37,L
2016-03-26 12:40:00 UTC,12.5,381,H
2016-03-26 19:05:00 UTC,0.2,6,L
2016-03-27 01:08:00 UTC,11.6,354,H
2016-03-27 07:10:00 UTC,1.9,58,L
2016-03-27 13:09:00 UTC,12.2,372,H
2016-03-27 19:36:00 UTC,0.4,12,L
2016-03-28 01:44:00 UTC,10.9,332,H
2016-03-28 07:37:00 UTC,2.6,79,L
2016-03-28 13:41:00 UTC,11.9,363,H
2016-03-28 20:10:00 UTC,0.8,24,L
2016-03-29 02:24:00 UTC,10.2,311,H
2016-03-29 08:07:00 UTC,3.3,101,L
2016-03-29 14:17:00 UTC,11.4,347,H
2016-03-29 20:50:00 UTC,1.3,40,L
2016-03-30 03:10:00 UTC,9.5,290,H
2016-03-30 08:42:00 UTC,4.0,122,L
2016-03-30 15:00:00 UTC,10.8,329,H
2016-03-30 21:40:00 UTC,1.8,55,L
2016-03-31 04:06:00 UTC,8.9,271,H
2016-03-31 09:31:00 UTC,4.7,143,L
2016-03-31 15:53:00 UTC,10.3,314,H
2016-03-31 22:48:00 UTC,2.2,67,L
2016-04-01 05:15:00 UTC,8.6,262,H
2016-04-01 10:50:00 UTC,5.2,158,L
2016-04-01 17:02:00 UTC,10.0,305,H
2016-04-02 00:12:00 UTC,2.2,67,L
2016-04-02 06:35:00 UTC,8.8,268,H
2016-04-02 12:34:00 UTC,4.9,149,L
2016-04-02 18:22:00 UTC,10.1,308,H
2016-04-03 01:27:00 UTC,1.6,49,L
2016-04-03 07:47:00 UTC,9.6,293,H
2016-04-03 13:51:00 UTC,3.9,119,L
2016-04-03 19:39:00 UTC,10.8,329,H
2016-04-04 02:26:00 UTC,0.8,24,L
2016-04-04 08:42:00 UTC,10.8,329,H
2016-04-04 14:49:00 UTC,2.4,73,L
2016-04-04 20:45:00 UTC,11.8,360,H
2016-04-05 03:16:00 UTC,0.1,3,L
2016-04-05 09:27:00 UTC,12.1,369,H
2016-04-05 15:40:00 UTC,0.8,24,L
2016-04-05 21:41:00 UTC,12.8,390,H
2016-04-06 04:02:00 UTC,-0.5,-15,L
2016-04-06 10:09:00 UTC,13.3,405,H
2016-04-06 16:27:00 UTC,-0.7,-21,L
2016-04-06 22:31:00 UTC,13.6,415,H
2016-04-07 04:46:00 UTC,-0.8,-24,L
2016-04-07 10:50:00 UTC,14.3,436,H
2016-04-07 17:13:00 UTC,-2.0,-61,L
2016-04-07 23:19:00 UTC,14.0,427,H
2016-04-08 05:29:00 UTC,-0.8,-24,L
2016-04-08 11:30:00 UTC,14.9,454,H
2016-04-08 17:58:00 UTC,-2.7,-82,L
2016-04-09 00:06:00 UTC,14.0,427,H
2016-04-09 06:12:00 UTC,-0.4,-12,L
2016-04-09 12:11:00 UTC,15.1,460,H
2016-04-09 18:44:00 UTC,-3.0,-91,L
2016-04-10 00:54:00 UTC,13.5,411,H
2016-04-10 06:55:00 UTC,0.3,9,L
2016-04-10 12:54:00 UTC,14.8,451,H
2016-04-10 19:31:00 UTC,-2.7,-82,L
2016-04-11 01:44:00 UTC,12.6,384,H
2016-04-11 07:39:00 UTC,1.3,40,L
2016-04-11 13:39:00 UTC,14.1,430,H
2016-04-11 20:21:00 UTC,-1.8,-55,L
2016-04-12 02:37:00 UTC,11.6,354,H
2016-04-12 08:28:00 UTC,2.4,73,L
2016-04-12 14:28:00 UTC,13.0,396,H
2016-04-12 21:16:00 UTC,-0.7,-21,L
2016-04-13 03:37:00 UTC,10.5,320,H
2016-04-13 09:25:00 UTC,3.5,107,L
2016-04-13 15:24:00 UTC,11.8,360,H
2016-04-13 22:21:00 UTC,0.4,12,L
2016-04-14 04:46:00 UTC,9.7,296,H
2016-04-14 10:39:00 UTC,4.3,131,L
2016-04-14 16:30:00 UTC,10.6,323,H
2016-04-14 23:38:00 UTC,1.3,40,L
2016-04-15 06:09:00 UTC,9.4,287,H
2016-04-15 12:12:00 UTC,4.5,137,L
2016-04-15 17:50:00 UTC,9.8,299,H
2016-04-16 00:57:00 UTC,1.7,52,L
2016-04-16 07:31:00 UTC,9.6,293,H
2016-04-16 13:36:00 UTC,4.0,122,L
2016-04-16 19:19:00 UTC,9.7,296,H
2016-04-17 02:02:00 UTC,1.7,52,L
2016-04-17 08:31:00 UTC,10.2,311,H
2016-04-17 14:37:00 UTC,3.1,94,L
2016-04-17 20:31:00 UTC,10.1,308,H
2016-04-18 02:53:00 UTC,1.5,46,L
2016-04-18 09:13:00 UTC,10.8,329,H
2016-04-18 15:23:00 UTC,2.1,64,L
2016-04-18 21:24:00 UTC,10.5,320,H
2016-04-19 03:35:00 UTC,1.4,43,L
2016-04-19 09:47:00 UTC,11.3,344,H
2016-04-19 16:03:00 UTC,1.3,40,L
2016-04-19 22:05:00 UTC,11.0,335,H
2016-04-20 04:12:00 UTC,1.4,43,L
2016-04-20 10:15:00 UTC,11.9,363,H
2016-04-20 16:37:00 UTC,0.5,15,L
2016-04-20 22:40:00 UTC,11.4,347,H
2016-04-21 04:45:00 UTC,1.4,43,L
2016-04-21 10:42:00 UTC,12.3,375,H
2016-04-21 17:09:00 UTC,0.0,0,L
2016-04-21 23:13:00 UTC,11.6,354,H
2016-04-22 05:16:00 UTC,1.5,46,L
2016-04-22 11:09:00 UTC,12.6,384,H
2016-04-22 17:40:00 UTC,-0.5,-15,L
2016-04-22 23:44:00 UTC,11.7,357,H
2016-04-23 05:45:00 UTC,1.8,55,L
2016-04-23 11:37:00 UTC,12.7,387,H
2016-04-23 18:11:00 UTC,-0.7,-21,L
2016-04-24 00:17:00 UTC,11.6,354,H
2016-04-24 06:14:00 UTC,2.1,64,L
2016-04-24 12:06:00 UTC,12.6,384,H
2016-04-24 18:42:00 UTC,-0.7,-21,L
2016-04-25 00:50:00 UTC,11.3,344,H
2016-04-25 06:43:00 UTC,2.6,79,L
2016-04-25 12:36:00 UTC,12.4,378,H
2016-04-25 19:13:00 UTC,-0.5,-15,L
2016-04-26 01:27:00 UTC,10.9,332,H
2016-04-26 07:12:00 UTC,3.1,94,L
2016-04-26 13:09:00 UTC,12.1,369,H
2016-04-26 19:47:00 UTC,-0.1,-3,L
2016-04-27 02:07:00 UTC,10.4,317,H
2016-04-27 07:45:00 UTC,3.6,110,L
2016-04-27 13:46:00 UTC,11.6,354,H
2016-04-27 20:26:00 UTC,0.4,12,L
2016-04-28 02:53:00 UTC,9.9,302,H
2016-04-28 08:24:00 UTC,4.2,128,L
2016-04-28 14:30:00 UTC,11.0,335,H
2016-04-28 21:12:00 UTC,0.9,27,L
2016-04-29 03:46:00 UTC,9.5,290,H
2016-04-29 09:17:00 UTC,4.6,140,L
2016-04-29 15:25:00 UTC,10.5,320,H
2016-04-29 22:11:00 UTC,1.4,43,L
2016-04-30 04:48:00 UTC,9.4,287,H
2016-04-30 10:35:00 UTC,4.8,146,L
2016-04-30 16:33:00 UTC,10.0,305,H
2016-04-30 23:25:00 UTC,1.7,52,L
2016-05-01 05:56:00 UTC,9.7,296,H
2016-05-01 12:08:00 UTC,4.3,131,L
2016-05-01 17:52:00 UTC,9.9,302,H
2016-05-02 00:40:00 UTC,1.6,49,L
2016-05-02 07:02:00 UTC,10.5,320,H
2016-05-02 13:26:00 UTC,3.1,94,L
2016-05-02 19:12:00 UTC,10.3,314,H
2016-05-03 01:44:00 UTC,1.3,40,L
2016-05-03 07:59:00 UTC,11.5,351,H
2016-05-03 14:26:00 UTC,1.5,46,L
2016-05-03 20:23:00 UTC,11.1,338,H
2016-05-04 02:39:00 UTC,0.8,24,L
2016-05-04 08:49:00 UTC,12.7,387,H
2016-05-04 15:18:00 UTC,-0.2,-6,L
2016-05-04 21:23:00 UTC,12.0,366,H
2016-05-05 03:30:00 UTC,0.5,15,L
2016-05-05 09:35:00 UTC,13.8,421,H
2016-05-05 16:08:00 UTC,-1.7,-52,L
2016-05-05 22:17:00 UTC,12.8,390,H
2016-05-06 04:18:00 UTC,0.4,12,L
2016-05-06 10:20:00 UTC,14.7,448,H
2016-05-06 16:55:00 UTC,-2.9,-88,L
2016-05-06 23:07:00 UTC,13.2,402,H
2016-05-07 05:04:00 UTC,0.4,12,L
2016-05-07 11:03:00 UTC,15.2,463,H
2016-05-07 17:42:00 UTC,-3.5,-107,L
2016-05-07 23:55:00 UTC,13.2,402,H
2016-05-08 05:50:00 UTC,0.7,21,L
2016-05-08 11:47:00 UTC,15.2,463,H
2016-05-08 18:29:00 UTC,-3.6,-110,L
2016-05-09 00:43:00 UTC,12.9,393,H
2016-05-09 06:36:00 UTC,1.3,40,L
2016-05-09 12:31:00 UTC,14.7,448,H
2016-05-09 19:16:00 UTC,-3.1,-94,L
2016-05-10 01:33:00 UTC,12.3,375,H
2016-05-10 07:23:00 UTC,2.0,61,L
2016-05-10 13:17:00 UTC,13.9,424,H
2016-05-10 20:04:00 UTC,-2.2,-67,L
2016-05-11 02:25:00 UTC,11.5,351,H
2016-05-11 08:14:00 UTC,2.8,85,L
2016-05-11 14:06:00 UTC,12.7,387,H
2016-05-11 20:56:00 UTC,-1.0,-30,L
2016-05-12 03:21:00 UTC,10.8,329,H
2016-05-12 09:12:00 UTC,3.6,110,L
2016-05-12 15:01:00 UTC,11.4,347,H
2016-05-12 21:53:00 UTC,0.2,6,L
2016-05-13 04:23:00 UTC,10.2,311,H
2016-05-13 10:22:00 UTC,4.2,128,L
2016-05-13 16:03:00 UTC,10.2,311,H
2016-05-13 22:58:00 UTC,1.3,40,L
2016-05-14 05:30:00 UTC,9.9,302,H
2016-05-14 11:46:00 UTC,4.2,128,L
2016-05-14 17:16:00 UTC,9.3,283,H
2016-05-15 00:08:00 UTC,2.0,61,L
2016-05-15 06:38:00 UTC,10.0,305,H
2016-05-15 13:05:00 UTC,3.7,113,L
2016-05-15 18:40:00 UTC,9.0,274,H
2016-05-16 01:13:00 UTC,2.4,73,L
2016-05-16 07:37:00 UTC,10.3,314,H
2016-05-16 14:06:00 UTC,2.9,88,L
2016-05-16 19:57:00 UTC,9.1,277,H
2016-05-17 02:07:00 UTC,2.5,76,L
2016-05-17 08:23:00 UTC,10.8,329,H
2016-05-17 14:54:00 UTC,1.9,58,L
2016-05-17 20:55:00 UTC,9.5,290,H
2016-05-18 02:52:00 UTC,2.5,76,L
2016-05-18 09:00:00 UTC,11.3,344,H
2016-05-18 15:34:00 UTC,1.1,34,L
2016-05-18 21:40:00 UTC,10.0,305,H
2016-05-19 03:32:00 UTC,2.5,76,L
2016-05-19 09:32:00 UTC,11.8,360,H
2016-05-19 16:10:00 UTC,0.3,9,L
2016-05-19 22:19:00 UTC,10.4,317,H
2016-05-20 04:08:00 UTC,2.6,79,L
2016-05-20 10:03:00 UTC,12.2,372,H
2016-05-20 16:44:00 UTC,-0.3,-9,L
2016-05-20 22:53:00 UTC,10.8,329,H
2016-05-21 04:42:00 UTC,2.6,79,L
2016-05-21 10:34:00 UTC,12.5,381,H
2016-05-21 17:17:00 UTC,-0.8,-24,L
2016-05-21 23:27:00 UTC,11.0,335,H
2016-05-22 05:15:00 UTC,2.7,82,L
2016-05-22 11:05:00 UTC,12.7,387,H
2016-05-22 17:49:00 UTC,-1.1,-34,L
2016-05-23 00:00:00 UTC,11.1,338,H
2016-05-23 05:48:00 UTC,2.9,88,L
2016-05-23 11:37:00 UTC,12.8,390,H
2016-05-23 18:22:00 UTC,-1.2,-37,L
2016-05-24 00:35:00 UTC,11.0,335,H
2016-05-24 06:20:00 UTC,3.1,94,L
2016-05-24 12:11:00 UTC,12.7,387,H
2016-05-24 18:55:00 UTC,-1.1,-34,L
2016-05-25 01:12:00 UTC,10.9,332,H
2016-05-25 06:54:00 UTC,3.4,104,L
2016-05-25 12:47:00 UTC,12.4,378,H
2016-05-25 19:31:00 UTC,-0.9,-27,L
2016-05-26 01:53:00 UTC,10.7,326,H
2016-05-26 07:31:00 UTC,3.7,113,L
2016-05-26 13:26:00 UTC,11.9,363,H
2016-05-26 20:09:00 UTC,-0.5,-15,L
2016-05-27 02:38:00 UTC,10.5,320,H
2016-05-27 08:15:00 UTC,3.9,119,L
2016-05-27 14:12:00 UTC,11.4,347,H
2016-05-27 20:53:00 UTC,0.1,3,L
2016-05-28 03:28:00 UTC,10.4,317,H
2016-05-28 09:11:00 UTC,4.1,125,L
2016-05-28 15:08:00 UTC,10.7,326,H
2016-05-28 21:45:00 UTC,0.7,21,L
2016-05-29 04:22:00 UTC,10.5,320,H
2016-05-29 10:22:00 UTC,4.0,122,L
2016-05-29 16:13:00 UTC,10.1,308,H
2016-05-29 22:47:00 UTC,1.2,37,L
2016-05-30 05:21:00 UTC,10.8,329,H
2016-05-30 11:44:00 UTC,3.4,104,L
2016-05-30 17:28:00 UTC,9.8,299,H
2016-05-30 23:57:00 UTC,1.6,49,L
2016-05-31 06:21:00 UTC,11.4,347,H
2016-05-31 13:00:00 UTC,2.2,67,L
2016-05-31 18:47:00 UTC,9.9,302,H
2016-06-01 01:04:00 UTC,1.8,55,L
2016-06-01 07:20:00 UTC,12.2,372,H
2016-06-01 14:04:00 UTC,0.7,21,L
2016-06-01 20:03:00 UTC,10.4,317,H
2016-06-02 02:05:00 UTC,1.8,55,L
2016-06-02 08:14:00 UTC,13.1,399,H
2016-06-02 14:59:00 UTC,-0.8,-24,L
2016-06-02 21:08:00 UTC,11.1,338,H
2016-06-03 03:00:00 UTC,1.7,52,L
2016-06-03 09:05:00 UTC,14.0,427,H
2016-06-03 15:51:00 UTC,-2.1,-64,L
2016-06-03 22:05:00 UTC,11.7,357,H
2016-06-04 03:53:00 UTC,1.6,49,L
2016-06-04 09:54:00 UTC,14.6,445,H
2016-06-04 16:41:00 UTC,-3.0,-91,L
2016-06-04 22:57:00 UTC,12.2,372,H
2016-06-05 04:43:00 UTC,1.6,49,L
2016-06-05 10:41:00 UTC,14.9,454,H
2016-06-05 17:29:00 UTC,-3.5,-107,L
2016-06-05 23:45:00 UTC,12.4,378,H
2016-06-06 05:32:00 UTC,1.7,52,L
2016-06-06 11:27:00 UTC,14.9,454,H
2016-06-06 18:15:00 UTC,-3.5,-107,L
2016-06-07 00:33:00 UTC,12.3,375,H
2016-06-07 06:20:00 UTC,1.9,58,L
2016-06-07 12:12:00 UTC,14.4,439,H
2016-06-07 19:01:00 UTC,-3.0,-91,L
2016-06-08 01:20:00 UTC,12.0,366,H
2016-06-08 07:08:00 UTC,2.3,70,L
2016-06-08 12:58:00 UTC,13.6,415,H
2016-06-08 19:47:00 UTC,-2.2,-67,L
2016-06-09 02:08:00 UTC,11.6,354,H
2016-06-09 07:58:00 UTC,2.8,85,L
2016-06-09 13:45:00 UTC,12.5,381,H
2016-06-09 20:33:00 UTC,-1.1,-34,L
2016-06-10 02:58:00 UTC,11.1,338,H
2016-06-10 08:52:00 UTC,3.3,101,L
2016-06-10 14:36:00 UTC,11.3,344,H
2016-06-10 21:21:00 UTC,0.1,3,L
2016-06-11 03:49:00 UTC,10.7,326,H
2016-06-11 09:53:00 UTC,3.7,113,L
2016-06-11 15:32:00 UTC,10.1,308,H
2016-06-11 22:13:00 UTC,1.2,37,L
2016-06-12 04:42:00 UTC,10.4,317,H
2016-06-12 11:03:00 UTC,3.8,116,L
2016-06-12 16:34:00 UTC,9.2,280,H
2016-06-12 23:10:00 UTC,2.2,67,L
2016-06-13 05:36:00 UTC,10.3,314,H
2016-06-13 12:17:00 UTC,3.5,107,L
2016-06-13 17:46:00 UTC,8.5,259,H
2016-06-14 00:12:00 UTC,2.9,88,L
2016-06-14 06:31:00 UTC,10.4,317,H
2016-06-14 13:23:00 UTC,2.9,88,L
2016-06-14 19:04:00 UTC,8.4,256,H
2016-06-15 01:11:00 UTC,3.3,101,L
2016-06-15 07:22:00 UTC,10.6,323,H
2016-06-15 14:16:00 UTC,2.1,64,L
2016-06-15 20:15:00 UTC,8.6,262,H
2016-06-16 02:03:00 UTC,3.5,107,L
2016-06-16 08:07:00 UTC,11.1,338,H
2016-06-16 15:01:00 UTC,1.2,37,L
2016-06-16 21:10:00 UTC,9.1,277,H
2016-06-17 02:49:00 UTC,3.5,107,L
2016-06-17 08:48:00 UTC,11.5,351,H
2016-06-17 15:41:00 UTC,0.4,12,L
2016-06-17 21:54:00 UTC,9.6,293,H
2016-06-18 03:31:00 UTC,3.5,107,L
2016-06-18 09:26:00 UTC,12.0,366,H
2016-06-18 16:18:00 UTC,-0.3,-9,L
2016-06-18 22:33:00 UTC,10.1,308,H
2016-06-19 04:10:00 UTC,3.4,104,L
2016-06-19 10:03:00 UTC,12.4,378,H
2016-06-19 16:54:00 UTC,-0.9,-27,L
2016-06-19 23:08:00 UTC,10.5,320,H
2016-06-20 04:48:00 UTC,3.3,101,L
2016-06-20 10:39:00 UTC,12.8,390,H
2016-06-20 17:29:00 UTC,-1.3,-40,L
2016-06-20 23:43:00 UTC,10.8,329,H
2016-06-21 05:25:00 UTC,3.2,98,L
2016-06-21 11:15:00 UTC,13.0,396,H
2016-06-21 18:04:00 UTC,-1.5,-46,L
2016-06-22 00:19:00 UTC,11.0,335,H
2016-06-22 06:02:00 UTC,3.1,94,L
2016-06-22 11:52:00 UTC,13.0,396,H
2016-06-22 18:39:00 UTC,-1.6,-49,L
2016-06-23 00:56:00 UTC,11.2,341,H
2016-06-23 06:40:00 UTC,3.1,94,L
2016-06-23 12:31:00 UTC,12.8,390,H
2016-06-23 19:15:00 UTC,-1.5,-46,L
2016-06-24 01:35:00 UTC,11.3,344,H
2016-06-24 07:21:00 UTC,3.1,94,L
2016-06-24 13:13:00 UTC,12.4,378,H
2016-06-24 19:53:00 UTC,-1.1,-34,L
2016-06-25 02:18:00 UTC,11.3,344,H
2016-06-25 08:07:00 UTC,3.1,94,L
2016-06-25 14:01:00 UTC,11.8,360,H
2016-06-25 20:35:00 UTC,-0.5,-15,L
2016-06-26 03:04:00 UTC,11.4,347,H
2016-06-26 09:01:00 UTC,3.0,91,L
2016-06-26 14:55:00 UTC,11.1,338,H
2016-06-26 21:22:00 UTC,0.3,9,L
2016-06-27 03:54:00 UTC,11.5,351,H
2016-06-27 10:05:00 UTC,2.8,85,L
2016-06-27 15:57:00 UTC,10.3,314,H
2016-06-27 22:16:00 UTC,1.1,34,L
2016-06-28 04:47:00 UTC,11.7,357,H
2016-06-28 11:19:00 UTC,2.3,70,L
2016-06-28 17:08:00 UTC,9.7,296,H
2016-06-28 23:20:00 UTC,1.9,58,L
2016-06-29 05:45:00 UTC,12.0,366,H
2016-06-29 12:36:00 UTC,1.5,46,L
2016-06-29 18:27:00 UTC,9.4,287,H
2016-06-30 00:30:00 UTC,2.5,76,L
2016-06-30 06:45:00 UTC,12.4,378,H
2016-06-30 13:44:00 UTC,0.3,9,L
2016-06-30 19:47:00 UTC,9.7,296,H
2016-07-01 01:37:00 UTC,2.7,82,L
2016-07-01 07:46:00 UTC,13.0,396,H
2016-07-01 14:44:00 UTC,-0.9,-27,L
2016-07-01 20:58:00 UTC,10.2,311,H
2016-07-02 02:39:00 UTC,2.7,82,L
2016-07-02 08:43:00 UTC,13.6,415,H
2016-07-02 15:39:00 UTC,-1.9,-58,L
2016-07-02 21:57:00 UTC,10.9,332,H
2016-07-03 03:36:00 UTC,2.5,76,L
2016-07-03 09:36:00 UTC,14.1,430,H
2016-07-03 16:29:00 UTC,-2.6,-79,L
2016-07-03 22:49:00 UTC,11.5,351,H
2016-07-04 04:29:00 UTC,2.3,70,L
2016-07-04 10:26:00 UTC,14.4,439,H
2016-07-04 17:17:00 UTC,-3.0,-91,L
2016-07-04 23:35:00 UTC,11.8,360,H
2016-07-05 05:19:00 UTC,2.1,64,L
2016-07-05 11:12:00 UTC,14.3,436,H
2016-07-05 18:02:00 UTC,-3.0,-91,L
2016-07-06 00:19:00 UTC,12.0,366,H
2016-07-06 06:07:00 UTC,2.0,61,L
2016-07-06 11:57:00 UTC,14.0,427,H
2016-07-06 18:44:00 UTC,-2.6,-79,L
2016-07-07 01:01:00 UTC,11.9,363,H
2016-07-07 06:53:00 UTC,2.1,64,L
2016-07-07 12:41:00 UTC,13.3,405,H
2016-07-07 19:25:00 UTC,-1.8,-55,L
2016-07-08 01:42:00 UTC,11.7,357,H
2016-07-08 07:38:00 UTC,2.4,73,L
2016-07-08 13:25:00 UTC,12.4,378,H
2016-07-08 20:05:00 UTC,-0.9,-27,L
2016-07-09 02:24:00 UTC,11.4,347,H
2016-07-09 08:25:00 UTC,2.7,82,L
2016-07-09 14:10:00 UTC,11.3,344,H
2016-07-09 20:45:00 UTC,0.2,6,L
2016-07-10 03:06:00 UTC,11.1,338,H
2016-07-10 09:15:00 UTC,3.0,91,L
2016-07-10 14:58:00 UTC,10.3,314,H
2016-07-10 21:26:00 UTC,1.3,40,L
2016-07-11 03:49:00 UTC,10.8,329,H
2016-07-11 10:11:00 UTC,3.3,101,L
2016-07-11 15:51:00 UTC,9.3,283,H
2016-07-11 22:11:00 UTC,2.4,73,L
2016-07-12 04:34:00 UTC,10.5,320,H
2016-07-12 11:16:00 UTC,3.3,101,L
2016-07-12 16:51:00 UTC,8.5,259,H
2016-07-12 23:03:00 UTC,3.3,101,L
2016-07-13 05:23:00 UTC,10.4,317,H
2016-07-13 12:26:00 UTC,3.0,91,L
2016-07-13 18:03:00 UTC,8.0,244,H
2016-07-14 00:05:00 UTC,4.0,122,L
2016-07-14 06:17:00 UTC,10.4,317,H
2016-07-14 13:30:00 UTC,2.4,73,L
2016-07-14 19:23:00 UTC,8.0,244,H
2016-07-15 01:10:00 UTC,4.3,131,L
2016-07-15 07:12:00 UTC,10.7,326,H
2016-07-15 14:24:00 UTC,1.7,52,L
2016-07-15 20:34:00 UTC,8.4,256,H
2016-07-16 02:07:00 UTC,4.3,131,L
2016-07-16 08:05:00 UTC,11.1,338,H
2016-07-16 15:10:00 UTC,0.8,24,L
2016-07-16 21:27:00 UTC,9.0,274,H
2016-07-17 02:57:00 UTC,4.1,125,L
2016-07-17 08:52:00 UTC,11.6,354,H
2016-07-17 15:52:00 UTC,0.0,0,L
2016-07-17 22:09:00 UTC,9.7,296,H
2016-07-18 03:42:00 UTC,3.7,113,L
2016-07-18 09:36:00 UTC,12.2,372,H
2016-07-18 16:30:00 UTC,-0.7,-21,L
2016-07-18 22:47:00 UTC,10.3,314,H
2016-07-19 04:25:00 UTC,3.3,101,L
2016-07-19 10:17:00 UTC,12.8,390,H
2016-07-19 17:08:00 UTC,-1.3,-40,L
2016-07-19 23:22:00 UTC,10.9,332,H
2016-07-20 05:05:00 UTC,2.9,88,L
2016-07-20 10:57:00 UTC,13.2,402,H
2016-07-20 17:44:00 UTC,-1.7,-52,L
2016-07-20 23:57:00 UTC,11.5,351,H
2016-07-21 05:45:00 UTC,2.5,76,L
2016-07-21 11:37:00 UTC,13.4,408,H
2016-07-21 18:20:00 UTC,-1.9,-58,L
2016-07-22 00:33:00 UTC,11.9,363,H
2016-07-22 06:26:00 UTC,2.1,64,L
2016-07-22 12:18:00 UTC,13.4,408,H
2016-07-22 18:56:00 UTC,-1.8,-55,L
2016-07-23 01:11:00 UTC,12.2,372,H
2016-07-23 07:08:00 UTC,1.8,55,L
2016-07-23 13:02:00 UTC,13.0,396,H
2016-07-23 19:34:00 UTC,-1.3,-40,L
2016-07-24 01:51:00 UTC,12.3,375,H
2016-07-24 07:54:00 UTC,1.6,49,L
2016-07-24 13:50:00 UTC,12.3,375,H
2016-07-24 20:14:00 UTC,-0.6,-18,L
2016-07-25 02:35:00 UTC,12.4,378,H
2016-07-25 08:46:00 UTC,1.5,46,L
2016-07-25 14:43:00 UTC,11.5,351,H
2016-07-25 20:59:00 UTC,0.4,12,L
2016-07-26 03:22:00 UTC,12.4,378,H
2016-07-26 09:45:00 UTC,1.5,46,L
2016-07-26 15:43:00 UTC,10.5,320,H
2016-07-26 21:49:00 UTC,1.5,46,L
2016-07-27 04:15:00 UTC,12.3,375,H
2016-07-27 10:55:00 UTC,1.4,43,L
2016-07-27 16:52:00 UTC,9.6,293,H
2016-07-27 22:51:00 UTC,2.5,76,L
2016-07-28 05:13:00 UTC,12.2,372,H
2016-07-28 12:13:00 UTC,1.0,30,L
2016-07-28 18:12:00 UTC,9.1,277,H
2016-07-29 00:05:00 UTC,3.3,101,L
2016-07-29 06:18:00 UTC,12.2,372,H
2016-07-29 13:28:00 UTC,0.3,9,L
2016-07-29 19:39:00 UTC,9.2,280,H
2016-07-30 01:21:00 UTC,3.5,107,L
2016-07-30 07:26:00 UTC,12.5,381,H
2016-07-30 14:33:00 UTC,-0.5,-15,L
2016-07-30 20:54:00 UTC,9.8,299,H
2016-07-31 02:29:00 UTC,3.3,101,L
2016-07-31 08:30:00 UTC,12.9,393,H
2016-07-31 15:29:00 UTC,-1.3,-40,L
2016-07-31 21:52:00 UTC,10.5,320,H
2016-08-01 03:29:00 UTC,2.9,88,L
2016-08-01 09:27:00 UTC,13.3,405,H
2016-08-01 16:19:00 UTC,-1.8,-55,L
2016-08-01 22:40:00 UTC,11.2,341,H
2016-08-02 04:22:00 UTC,2.4,73,L
2016-08-02 10:17:00 UTC,13.6,415,H
2016-08-02 17:04:00 UTC,-2.1,-64,L
2016-08-02 23:22:00 UTC,11.7,357,H
2016-08-03 05:09:00 UTC,1.9,58,L
2016-08-03 11:02:00 UTC,13.7,418,H
2016-08-03 17:46:00 UTC,-2.1,-64,L
2016-08-03 23:59:00 UTC,12.0,366,H
2016-08-04 05:53:00 UTC,1.7,52,L
2016-08-04 11:44:00 UTC,13.5,411,H
2016-08-04 18:24:00 UTC,-1.8,-55,L
2016-08-05 00:34:00 UTC,12.1,369,H
2016-08-05 06:34:00 UTC,1.5,46,L
2016-08-05 12:24:00 UTC,13.0,396,H
2016-08-05 18:59:00 UTC,-1.2,-37,L
2016-08-06 01:09:00 UTC,12.0,366,H
2016-08-06 07:13:00 UTC,1.6,49,L
2016-08-06 13:03:00 UTC,12.3,375,H
2016-08-06 19:33:00 UTC,-0.4,-12,L
2016-08-07 01:43:00 UTC,11.8,360,H
2016-08-07 07:52:00 UTC,1.8,55,L
2016-08-07 13:42:00 UTC,11.5,351,H
2016-08-07 20:07:00 UTC,0.6,18,L
2016-08-08 02:18:00 UTC,11.5,351,H
2016-08-08 08:33:00 UTC,2.2,67,L
2016-08-08 14:24:00 UTC,10.6,323,H
2016-08-08 20:40:00 UTC,1.6,49,L
2016-08-09 02:55:00 UTC,11.1,338,H
2016-08-09 09:18:00 UTC,2.5,76,L
2016-08-09 15:11:00 UTC,9.6,293,H
2016-08-09 21:16:00 UTC,2.7,82,L
2016-08-10 03:36:00 UTC,10.7,326,H
2016-08-10 10:11:00 UTC,2.9,88,L
2016-08-10 16:04:00 UTC,8.7,265,H
2016-08-10 21:58:00 UTC,3.7,113,L
2016-08-11 04:22:00 UTC,10.4,317,H
2016-08-11 11:17:00 UTC,3.0,91,L
2016-08-11 17:08:00 UTC,8.1,247,H
2016-08-11 22:55:00 UTC,4.5,137,L
2016-08-12 05:16:00 UTC,10.2,311,H
2016-08-12 12:34:00 UTC,2.8,85,L
2016-08-12 18:27:00 UTC,7.8,238,H
2016-08-13 00:14:00 UTC,4.9,149,L
2016-08-13 06:18:00 UTC,10.2,311,H
2016-08-13 13:42:00 UTC,2.2,67,L
2016-08-13 19:52:00 UTC,8.1,247,H
2016-08-14 01:29:00 UTC,4.8,146,L
2016-08-14 07:23:00 UTC,10.6,323,H
2016-08-14 14:36:00 UTC,1.4,43,L
2016-08-14 20:55:00 UTC,8.8,268,H
2016-08-15 02:29:00 UTC,4.4,134,L
2016-08-15 08:21:00 UTC,11.2,341,H
2016-08-15 15:22:00 UTC,0.5,15,L
2016-08-15 21:40:00 UTC,9.7,296,H
2016-08-16 03:19:00 UTC,3.7,113,L
2016-08-16 09:12:00 UTC,12.0,366,H
2016-08-16 16:03:00 UTC,-0.4,-12,L
2016-08-16 22:18:00 UTC,10.6,323,H
2016-08-17 04:03:00 UTC,2.9,88,L
2016-08-17 09:57:00 UTC,12.8,390,H
2016-08-17 16:41:00 UTC,-1.1,-34,L
2016-08-17 22:53:00 UTC,11.5,351,H
2016-08-18 04:45:00 UTC,2.0,61,L
2016-08-18 10:41:00 UTC,13.5,411,H
2016-08-18 17:19:00 UTC,-1.6,-49,L
2016-08-18 23:28:00 UTC,12.3,375,H
2016-08-19 05:27:00 UTC,1.2,37,L
2016-08-19 11:23:00 UTC,13.9,424,H
2016-08-19 17:56:00 UTC,-1.8,-55,L
2016-08-20 00:04:00 UTC,12.9,393,H
2016-08-20 06:08:00 UTC,0.5,15,L
2016-08-20 12:06:00 UTC,13.9,424,H
2016-08-20 18:33:00 UTC,-1.6,-49,L
2016-08-21 00:42:00 UTC,13.3,405,H
2016-08-21 06:51:00 UTC,0.1,3,L
2016-08-21 12:51:00 UTC,13.5,411,H
2016-08-21 19:11:00 UTC,-1.1,-34,L
2016-08-22 01:21:00 UTC,13.5,411,H
2016-08-22 07:37:00 UTC,-0.1,-3,L
2016-08-22 13:39:00 UTC,12.8,390,H
2016-08-22 19:52:00 UTC,-0.2,-6,L
2016-08-23 02:04:00 UTC,13.4,408,H
2016-08-23 08:27:00 UTC,0.0,0,L
2016-08-23 14:31:00 UTC,11.8,360,H
2016-08-23 20:36:00 UTC,1.0,30,L
2016-08-24 02:51:00 UTC,13.0,396,H
2016-08-24 09:24:00 UTC,0.3,9,L
2016-08-24 15:30:00 UTC,10.6,323,H
2016-08-24 21:26:00 UTC,2.2,67,L
2016-08-25 03:44:00 UTC,12.5,381,H
2016-08-25 10:32:00 UTC,0.7,21,L
2016-08-25 16:39:00 UTC,9.6,293,H
2016-08-25 22:30:00 UTC,3.3,101,L
2016-08-26 04:45:00 UTC,12.0,366,H
2016-08-26 11:52:00 UTC,0.9,27,L
2016-08-26 18:03:00 UTC,9.1,277,H
2016-08-26 23:52:00 UTC,4.1,125,L
2016-08-27 05:57:00 UTC,11.6,354,H
2016-08-27 13:13:00 UTC,0.7,21,L
2016-08-27 19:35:00 UTC,9.2,280,H
2016-08-28 01:18:00 UTC,4.1,125,L
2016-08-28 07:14:00 UTC,11.6,354,H
2016-08-28 14:21:00 UTC,0.1,3,L
2016-08-28 20:49:00 UTC,9.9,302,H
2016-08-29 02:29:00 UTC,3.5,107,L
2016-08-29 08:25:00 UTC,12.0,366,H
2016-08-29 15:18:00 UTC,-0.4,-12,L
2016-08-29 21:43:00 UTC,10.7,326,H
2016-08-30 03:26:00 UTC,2.8,85,L
2016-08-30 09:23:00 UTC,12.5,381,H
2016-08-30 16:05:00 UTC,-0.9,-27,L
2016-08-30 22:25:00 UTC,11.4,347,H
2016-08-31 04:15:00 UTC,2.1,64,L
2016-08-31 10:11:00 UTC,12.9,393,H
2016-08-31 16:47:00 UTC,-1.0,-30,L
2016-08-31 23:00:00 UTC,11.9,363,H
2016-09-01 04:57:00 UTC,1.4,43,L
2016-09-01 10:53:00 UTC,13.1,399,H
2016-09-01 17:24:00 UTC,-1.0,-30,L
2016-09-01 23:32:00 UTC,12.3,375,H
2016-09-02 05:36:00 UTC,1.0,30,L
2016-09-02 11:31:00 UTC,13.0,396,H
2016-09-02 17:58:00 UTC,-0.7,-21,L
2016-09-03 00:02:00 UTC,12.4,378,H
2016-09-03 06:12:00 UTC,0.8,24,L
2016-09-03 12:06:00 UTC,12.8,390,H
2016-09-03 18:29:00 UTC,-0.2,-6,L
2016-09-04 00:31:00 UTC,12.4,378,H
2016-09-04 06:46:00 UTC,0.7,21,L
2016-09-04 12:41:00 UTC,12.3,375,H
2016-09-04 19:00:00 UTC,0.5,15,L
2016-09-05 01:00:00 UTC,12.3,375,H
2016-09-05 07:19:00 UTC,0.9,27,L
2016-09-05 13:16:00 UTC,11.6,354,H
2016-09-05 19:29:00 UTC,1.3,40,L
2016-09-06 01:31:00 UTC,11.9,363,H
2016-09-06 07:54:00 UTC,1.2,37,L
2016-09-06 13:54:00 UTC,10.8,329,H
2016-09-06 19:58:00 UTC,2.2,67,L
2016-09-07 02:05:00 UTC,11.5,351,H
2016-09-07 08:31:00 UTC,1.7,52,L
2016-09-07 14:36:00 UTC,10.0,305,H
2016-09-07 20:29:00 UTC,3.2,98,L
2016-09-08 02:42:00 UTC,11.0,335,H
2016-09-08 09:15:00 UTC,2.2,67,L
2016-09-08 15:25:00 UTC,9.1,277,H
2016-09-08 21:05:00 UTC,4.1,125,L
2016-09-09 03:26:00 UTC,10.5,320,H
2016-09-09 10:11:00 UTC,2.7,82,L
2016-09-09 16:24:00 UTC,8.4,256,H
2016-09-09 21:56:00 UTC,4.9,149,L
2016-09-10 04:20:00 UTC,10.0,305,H
2016-09-10 11:28:00 UTC,2.9,88,L
2016-09-10 17:38:00 UTC,8.1,247,H
2016-09-10 23:19:00 UTC,5.4,165,L
2016-09-11 05:27:00 UTC,9.9,302,H
2016-09-11 12:51:00 UTC,2.6,79,L
2016-09-11 19:05:00 UTC,8.3,253,H
2016-09-12 00:56:00 UTC,5.2,158,L
2016-09-12 06:41:00 UTC,10.1,308,H
2016-09-12 13:55:00 UTC,1.9,58,L
2016-09-12 20:14:00 UTC,9.1,277,H
2016-09-13 02:04:00 UTC,4.5,137,L
2016-09-13 07:50:00 UTC,10.8,329,H
2016-09-13 14:46:00 UTC,1.0,30,L
2016-09-13 21:03:00 UTC,10.1,308,H
2016-09-14 02:56:00 UTC,3.4,104,L
2016-09-14 08:48:00 UTC,11.8,360,H
2016-09-14 15:30:00 UTC,0.1,3,L
2016-09-14 21:42:00 UTC,11.2,341,H
2016-09-15 03:41:00 UTC,2.1,64,L
2016-09-15 09:38:00 UTC,12.7,387,H
2016-09-15 16:10:00 UTC,-0.6,-18,L
2016-09-15 22:19:00 UTC,12.3,375,H
2016-09-16 04:24:00 UTC,0.9,27,L
2016-09-16 10:24:00 UTC,13.6,415,H
2016-09-16 16:49:00 UTC,-1.0,-30,L
2016-09-16 22:56:00 UTC,13.3,405,H
2016-09-17 05:07:00 UTC,-0.3,-9,L
2016-09-17 11:08:00 UTC,14.1,430,H
2016-09-17 17:28:00 UTC,-1.2,-37,L
2016-09-17 23:33:00 UTC,14.1,430,H
2016-09-18 05:49:00 UTC,-1.1,-34,L
2016-09-18 11:53:00 UTC,14.2,433,H
2016-09-18 18:08:00 UTC,-0.9,-27,L
2016-09-19 00:11:00 UTC,14.5,442,H
2016-09-19 06:33:00 UTC,-1.6,-49,L
2016-09-19 12:39:00 UTC,13.8,421,H
2016-09-19 18:48:00 UTC,-0.3,-9,L
2016-09-20 00:51:00 UTC,14.5,442,H
2016-09-20 07:19:00 UTC,-1.7,-52,L
2016-09-20 13:27:00 UTC,13.0,396,H
2016-09-20 19:30:00 UTC,0.6,18,L
2016-09-21 01:35:00 UTC,14.2,433,H
2016-09-21 08:09:00 UTC,-1.3,-40,L
2016-09-21 14:20:00 UTC,12.0,366,H
2016-09-21 20:15:00 UTC,1.8,55,L
2016-09-22 02:22:00 UTC,13.5,411,H
2016-09-22 09:04:00 UTC,-0.5,-15,L
2016-09-22 15:19:00 UTC,10.8,329,H
2016-09-22 21:09:00 UTC,3.0,91,L
2016-09-23 03:17:00 UTC,12.5,381,H
2016-09-23 10:11:00 UTC,0.4,12,L
2016-09-23 16:29:00 UTC,9.9,302,H
2016-09-23 22:17:00 UTC,4.1,125,L
2016-09-24 04:22:00 UTC,11.6,354,H
2016-09-24 11:31:00 UTC,1.0,30,L
2016-09-24 17:54:00 UTC,9.4,287,H
2016-09-24 23:49:00 UTC,4.6,140,L
2016-09-25 05:39:00 UTC,10.9,332,H
2016-09-25 12:54:00 UTC,1.2,37,L
2016-09-25 19:25:00 UTC,9.6,293,H
2016-09-26 01:19:00 UTC,4.2,128,L
2016-09-26 07:06:00 UTC,10.8,329,H
2016-09-26 14:04:00 UTC,0.9,27,L
2016-09-26 20:34:00 UTC,10.3,314,H
2016-09-27 02:27:00 UTC,3.4,104,L
2016-09-27 08:21:00 UTC,11.2,341,H
2016-09-27 14:58:00 UTC,0.6,18,L
2016-09-27 21:22:00 UTC,11.1,338,H
2016-09-28 03:19:00 UTC,2.4,73,L
2016-09-28 09:18:00 UTC,11.7,357,H
2016-09-28 15:43:00 UTC,0.3,9,L
2016-09-28 22:00:00 UTC,11.8,360,H
2016-09-29 04:03:00 UTC,1.6,49,L
2016-09-29 10:03:00 UTC,12.2,372,H
2016-09-29 16:22:00 UTC,0.3,9,L
2016-09-29 22:31:00 UTC,12.3,375,H
2016-09-30 04:41:00 UTC,0.9,27,L
2016-09-30 10:41:00 UTC,12.4,378,H
2016-09-30 16:57:00 UTC,0.4,12,L
2016-09-30 22:59:00 UTC,12.6,384,H
2016-10-01 05:16:00 UTC,0.4,12,L
2016-10-01 11:15:00 UTC,12.5,381,H
2016-10-01 17:28:00 UTC,0.6,18,L
2016-10-01 23:26:00 UTC,12.8,390,H
2016-10-02 05:48:00 UTC,0.1,3,L
2016-10-02 11:48:00 UTC,12.4,378,H
2016-10-02 17:58:00 UTC,1.1,34,L
2016-10-02 23:53:00 UTC,12.9,393,H
2016-10-03 06:19:00 UTC,0.0,0,L
2016-10-03 12:20:00 UTC,12.1,369,H
2016-10-03 18:27:00 UTC,1.6,49,L
2016-10-04 00:21:00 UTC,12.7,387,H
2016-10-04 06:50:00 UTC,0.1,3,L
2016-10-04 12:54:00 UTC,11.7,357,H
2016-10-04 18:55:00 UTC,2.3,70,L
2016-10-05 00:51:00 UTC,12.4,378,H
2016-10-05 07:22:00 UTC,0.4,12,L
2016-10-05 13:30:00 UTC,11.0,335,H
2016-10-05 19:23:00 UTC,3.0,91,L
2016-10-06 01:23:00 UTC,12.0,366,H
2016-10-06 07:56:00 UTC,0.9,27,L
2016-10-06 14:10:00 UTC,10.3,314,H
2016-10-06 19:53:00 UTC,3.7,113,L
2016-10-07 01:58:00 UTC,11.4,347,H
2016-10-07 08:35:00 UTC,1.5,46,L
2016-10-07 14:56:00 UTC,9.6,293,H
2016-10-07 20:28:00 UTC,4.5,137,L
2016-10-08 02:40:00 UTC,10.8,329,H
2016-10-08 09:23:00 UTC,2.1,64,L
2016-10-08 15:51:00 UTC,9.0,274,H
2016-10-08 21:17:00 UTC,5.2,158,L
2016-10-09 03:34:00 UTC,10.2,311,H
2016-10-09 10:28:00 UTC,2.6,79,L
2016-10-09 16:59:00 UTC,8.7,265,H
2016-10-09 22:37:00 UTC,5.6,171,L
2016-10-10 04:42:00 UTC,9.8,299,H
2016-10-10 11:51:00 UTC,2.7,82,L
2016-10-10 18:16:00 UTC,9.0,274,H
2016-10-11 00:21:00 UTC,5.3,162,L
2016-10-11 06:01:00 UTC,9.9,302,H
2016-10-11 13:06:00 UTC,2.3,70,L
2016-10-11 19:26:00 UTC,9.7,296,H
2016-10-12 01:36:00 UTC,4.3,131,L
2016-10-12 07:18:00 UTC,10.4,317,H
2016-10-12 14:03:00 UTC,1.6,49,L
2016-10-12 20:19:00 UTC,10.8,329,H
2016-10-13 02:31:00 UTC,2.9,88,L
2016-10-13 08:23:00 UTC,11.4,347,H
2016-10-13 14:52:00 UTC,0.9,27,L
2016-10-13 21:03:00 UTC,12.1,369,H
2016-10-14 03:18:00 UTC,1.3,40,L
2016-10-14 09:17:00 UTC,12.4,378,H
2016-10-14 15:36:00 UTC,0.3,9,L
2016-10-14 21:43:00 UTC,13.3,405,H
2016-10-15 04:03:00 UTC,-0.2,-6,L
2016-10-15 10:07:00 UTC,13.3,405,H
2016-10-15 16:19:00 UTC,-0.1,-3,L
2016-10-15 22:22:00 UTC,14.4,439,H
2016-10-16 04:47:00 UTC,-1.5,-46,L
2016-10-16 10:54:00 UTC,13.9,424,H
2016-10-16 17:01:00 UTC,-0.1,-3,L
2016-10-16 23:02:00 UTC,15.1,460,H
2016-10-17 05:31:00 UTC,-2.5,-76,L
2016-10-17 11:40:00 UTC,14.1,430,H
2016-10-17 17:43:00 UTC,0.1,3,L
2016-10-17 23:43:00 UTC,15.5,472,H
2016-10-18 06:16:00 UTC,-2.9,-88,L
2016-10-18 12:27:00 UTC,13.8,421,H
2016-10-18 18:26:00 UTC,0.7,21,L
2016-10-19 00:25:00 UTC,15.3,466,H
2016-10-19 07:03:00 UTC,-2.7,-82,L
2016-10-19 13:16:00 UTC,13.1,399,H
2016-10-19 19:10:00 UTC,1.6,49,L
2016-10-20 01:09:00 UTC,14.7,448,H
2016-10-20 07:52:00 UTC,-2.1,-64,L
2016-10-20 14:09:00 UTC,12.2,372,H
2016-10-20 19:59:00 UTC,2.6,79,L
2016-10-21 01:58:00 UTC,13.7,418,H
2016-10-21 08:46:00 UTC,-1.0,-30,L
2016-10-21 15:08:00 UTC,11.2,341,H
2016-10-21 20:55:00 UTC,3.6,110,L
2016-10-22 02:54:00 UTC,12.5,381,H
2016-10-22 09:49:00 UTC,0.2,6,L
2016-10-22 16:16:00 UTC,10.4,317,H
2016-10-22 22:08:00 UTC,4.5,137,L
2016-10-23 04:00:00 UTC,11.3,344,H
2016-10-23 11:03:00 UTC,1.2,37,L
2016-10-23 17:36:00 UTC,10.0,305,H
2016-10-23 23:40:00 UTC,4.7,143,L
2016-10-24 05:19:00 UTC,10.4,317,H
2016-10-24 12:24:00 UTC,1.7,52,L
2016-10-24 18:58:00 UTC,10.2,311,H
2016-10-25 01:08:00 UTC,4.2,128,L
2016-10-25 06:49:00 UTC,10.1,308,H
2016-10-25 13:33:00 UTC,1.8,55,L
2016-10-25 20:02:00 UTC,10.8,329,H
2016-10-26 02:14:00 UTC,3.2,98,L
2016-10-26 08:07:00 UTC,10.4,317,H
2016-10-26 14:28:00 UTC,1.7,52,L
2016-10-26 20:49:00 UTC,11.4,347,H
2016-10-27 03:04:00 UTC,2.2,67,L
2016-10-27 09:04:00 UTC,10.9,332,H
2016-10-27 15:13:00 UTC,1.7,52,L
2016-10-27 21:26:00 UTC,12.0,366,H
2016-10-28 03:45:00 UTC,1.3,40,L
2016-10-28 09:49:00 UTC,11.3,344,H
2016-10-28 15:52:00 UTC,1.7,52,L
2016-10-28 21:57:00 UTC,12.5,381,H
2016-10-29 04:21:00 UTC,0.6,18,L
2016-10-29 10:26:00 UTC,11.7,357,H
2016-10-29 16:26:00 UTC,1.8,55,L
2016-10-29 22:25:00 UTC,12.9,393,H
2016-10-30 04:54:00 UTC,0.0,0,L
2016-10-30 10:59:00 UTC,11.9,363,H
2016-10-30 16:58:00 UTC,2.0,61,L
2016-10-30 22:52:00 UTC,13.1,399,H
2016-10-31 05:25:00 UTC,-0.3,-9,L
2016-10-31 11:31:00 UTC,11.9,363,H
2016-10-31 17:28:00 UTC,2.3,70,L
2016-10-31 23:20:00 UTC,13.2,402,H
2016-11-01 05:56:00 UTC,-0.5,-15,L
2016-11-01 12:03:00 UTC,11.8,360,H
2016-11-01 17:58:00 UTC,2.7,82,L
2016-11-01 23:49:00 UTC,13.1,399,H
2016-11-02 06:27:00 UTC,-0.4,-12,L
2016-11-02 12:36:00 UTC,11.6,354,H
2016-11-02 18:27:00 UTC,3.1,94,L
2016-11-03 00:19:00 UTC,12.9,393,H
2016-11-03 06:58:00 UTC,-0.2,-6,L
2016-11-03 13:11:00 UTC,11.2,341,H
2016-11-03 18:56:00 UTC,3.6,110,L
2016-11-04 00:51:00 UTC,12.4,378,H
2016-11-04 07:31:00 UTC,0.3,9,L
2016-11-04 13:50:00 UTC,10.7,326,H
2016-11-04 19:28:00 UTC,4.2,128,L
2016-11-05 01:26:00 UTC,11.9,363,H
2016-11-05 08:08:00 UTC,0.8,24,L
2016-11-05 14:34:00 UTC,10.2,311,H
2016-11-05 20:06:00 UTC,4.7,143,L
2016-11-06 02:08:00 UTC,11.3,344,H
2016-11-06 08:51:00 UTC,1.4,43,L
2016-11-06 15:26:00 UTC,9.8,299,H
2016-11-06 20:56:00 UTC,5.2,158,L
2016-11-07 03:00:00 UTC,10.6,323,H
2016-11-07 09:45:00 UTC,2.0,61,L
2016-11-07 16:26:00 UTC,9.7,296,H
2016-11-07 22:09:00 UTC,5.4,165,L
2016-11-08 04:06:00 UTC,10.1,308,H
2016-11-08 10:54:00 UTC,2.4,73,L
2016-11-08 17:31:00 UTC,10.0,305,H
2016-11-08 23:44:00 UTC,5.1,155,L
2016-11-09 05:23:00 UTC,9.8,299,H
2016-11-09 12:10:00 UTC,2.4,73,L
2016-11-09 18:35:00 UTC,10.6,323,H
2016-11-10 01:04:00 UTC,3.9,119,L
2016-11-10 06:44:00 UTC,10.2,311,H
2016-11-10 13:16:00 UTC,2.2,67,L
2016-11-10 19:32:00 UTC,11.6,354,H
2016-11-11 02:04:00 UTC,2.3,70,L
2016-11-11 07:56:00 UTC,10.9,332,H
2016-11-11 14:12:00 UTC,1.8,55,L
2016-11-11 20:22:00 UTC,12.8,390,H
2016-11-12 02:55:00 UTC,0.6,18,L
2016-11-12 08:57:00 UTC,11.9,363,H
2016-11-12 15:02:00 UTC,1.4,43,L
2016-11-12 21:08:00 UTC,14.0,427,H
2016-11-13 03:43:00 UTC,-1.0,-30,L
2016-11-13 09:51:00 UTC,12.7,387,H
2016-11-13 15:49:00 UTC,1.2,37,L
2016-11-13 21:52:00 UTC,15.0,457,H
2016-11-14 04:29:00 UTC,-2.3,-70,L
2016-11-14 10:41:00 UTC,13.3,405,H
2016-11-14 16:35:00 UTC,1.1,34,L
2016-11-14 22:36:00 UTC,15.7,479,H
2016-11-15 05:16:00 UTC,-3.2,-98,L
2016-11-15 11:29:00 UTC,13.6,415,H
2016-11-15 17:21:00 UTC,1.2,37,L
2016-11-15 23:19:00 UTC,15.9,485,H
2016-11-16 06:02:00 UTC,-3.5,-107,L
2016-11-16 12:17:00 UTC,13.5,411,H
2016-11-16 18:08:00 UTC,1.6,49,L
2016-11-17 00:04:00 UTC,15.7,479,H
2016-11-17 06:49:00 UTC,-3.2,-98,L
2016-11-17 13:06:00 UTC,13.0,396,H
2016-11-17 18:55:00 UTC,2.2,67,L
2016-11-18 00:50:00 UTC,14.9,454,H
2016-11-18 07:38:00 UTC,-2.4,-73,L
2016-11-18 13:58:00 UTC,12.4,378,H
2016-11-18 19:46:00 UTC,2.9,88,L
2016-11-19 01:39:00 UTC,13.8,421,H
2016-11-19 08:29:00 UTC,-1.3,-40,L
2016-11-19 14:54:00 UTC,11.7,357,H
2016-11-19 20:43:00 UTC,3.7,113,L
2016-11-20 02:34:00 UTC,12.5,381,H
2016-11-20 09:25:00 UTC,0.0,0,L
2016-11-20 15:55:00 UTC,11.1,338,H
2016-11-20 21:52:00 UTC,4.3,131,L
2016-11-21 03:36:00 UTC,11.2,341,H
2016-11-21 10:28:00 UTC,1.2,37,L
2016-11-21 17:01:00 UTC,10.7,326,H
2016-11-21 23:15:00 UTC,4.5,137,L
2016-11-22 04:49:00 UTC,10.1,308,H
2016-11-22 11:38:00 UTC,2.2,67,L
2016-11-22 18:11:00 UTC,10.7,326,H
2016-11-23 00:40:00 UTC,4.1,125,L
2016-11-23 06:14:00 UTC,9.5,290,H
2016-11-23 12:48:00 UTC,2.7,82,L
2016-11-23 19:14:00 UTC,11.0,335,H
2016-11-24 01:47:00 UTC,3.2,98,L
2016-11-24 07:37:00 UTC,9.5,290,H
2016-11-24 13:47:00 UTC,2.9,88,L
2016-11-24 20:04:00 UTC,11.5,351,H
2016-11-25 02:38:00 UTC,2.3,70,L
2016-11-25 08:41:00 UTC,9.9,302,H
2016-11-25 14:35:00 UTC,3.0,91,L
2016-11-25 20:44:00 UTC,11.9,363,H
2016-11-26 03:21:00 UTC,1.4,43,L
2016-11-26 09:29:00 UTC,10.4,317,H
2016-11-26 15:16:00 UTC,3.1,94,L
2016-11-26 21:19:00 UTC,12.4,378,H
2016-11-27 03:58:00 UTC,0.6,18,L
2016-11-27 10:09:00 UTC,10.8,329,H
2016-11-27 15:54:00 UTC,3.1,94,L
2016-11-27 21:50:00 UTC,12.8,390,H
2016-11-28 04:32:00 UTC,0.0,0,L
2016-11-28 10:43:00 UTC,11.1,338,H
2016-11-28 16:28:00 UTC,3.2,98,L
2016-11-28 22:21:00 UTC,13.1,399,H
2016-11-29 05:05:00 UTC,-0.4,-12,L
2016-11-29 11:16:00 UTC,11.4,347,H
2016-11-29 17:02:00 UTC,3.3,101,L
2016-11-29 22:52:00 UTC,13.3,405,H
2016-11-30 05:37:00 UTC,-0.7,-21,L
2016-11-30 11:48:00 UTC,11.5,351,H
2016-11-30 17:34:00 UTC,3.4,104,L
2016-11-30 23:23:00 UTC,13.3,405,H
2016-12-01 06:09:00 UTC,-0.7,-21,L
2016-12-01 12:21:00 UTC,11.5,351,H
2016-12-01 18:06:00 UTC,3.6,110,L
2016-12-01 23:56:00 UTC,13.2,402,H
2016-12-02 06:41:00 UTC,-0.6,-18,L
2016-12-02 12:56:00 UTC,11.4,347,H
2016-12-02 18:39:00 UTC,3.9,119,L
2016-12-03 00:30:00 UTC,12.9,393,H
2016-12-03 07:14:00 UTC,-0.3,-9,L
2016-12-03 13:34:00 UTC,11.2,341,H
2016-12-03 19:14:00 UTC,4.2,128,L
2016-12-04 01:07:00 UTC,12.4,378,H
2016-12-04 07:50:00 UTC,0.1,3,L
2016-12-04 14:16:00 UTC,10.9,332,H
2016-12-04 19:54:00 UTC,4.4,134,L
2016-12-05 01:49:00 UTC,11.8,360,H
2016-12-05 08:29:00 UTC,0.6,18,L
2016-12-05 15:02:00 UTC,10.8,329,H
2016-12-05 20:43:00 UTC,4.7,143,L
2016-12-06 02:39:00 UTC,11.1,338,H
2016-12-06 09:15:00 UTC,1.3,40,L
2016-12-06 15:53:00 UTC,10.8,329,H
2016-12-06 21:47:00 UTC,4.7,143,L
2016-12-07 03:40:00 UTC,10.5,320,H
2016-12-07 10:10:00 UTC,1.9,58,L
2016-12-07 16:48:00 UTC,11.0,335,H
2016-12-07 23:06:00 UTC,4.3,131,L
2016-12-08 04:52:00 UTC,10.0,305,H
2016-12-08 11:17:00 UTC,2.5,76,L
2016-12-08 17:47:00 UTC,11.5,351,H
2016-12-09 00:27:00 UTC,3.3,101,L
2016-12-09 06:11:00 UTC,9.9,302,H
2016-12-09 12:27:00 UTC,2.7,82,L
2016-12-09 18:47:00 UTC,12.3,375,H
2016-12-10 01:35:00 UTC,1.8,55,L
2016-12-10 07:30:00 UTC,10.3,314,H
2016-12-10 13:33:00 UTC,2.7,82,L
2016-12-10 19:44:00 UTC,13.2,402,H
2016-12-11 02:33:00 UTC,0.2,6,L
2016-12-11 08:39:00 UTC,11.0,335,H
2016-12-11 14:31:00 UTC,2.5,76,L
2016-12-11 20:37:00 UTC,14.2,433,H
2016-12-12 03:25:00 UTC,-1.2,-37,L
2016-12-12 09:39:00 UTC,11.9,363,H
2016-12-12 15:25:00 UTC,2.3,70,L
2016-12-12 21:27:00 UTC,15.0,457,H
2016-12-13 04:15:00 UTC,-2.4,-73,L
2016-12-13 10:32:00 UTC,12.5,381,H
2016-12-13 16:16:00 UTC,2.1,64,L
2016-12-13 22:16:00 UTC,15.6,475,H
2016-12-14 05:04:00 UTC,-3.2,-98,L
2016-12-14 11:21:00 UTC,13.0,396,H
2016-12-14 17:06:00 UTC,2.0,61,L
2016-12-14 23:03:00 UTC,15.8,482,H
2016-12-15 05:51:00 UTC,-3.4,-104,L
2016-12-15 12:08:00 UTC,13.1,399,H
2016-12-15 17:55:00 UTC,2.1,64,L
2016-12-15 23:49:00 UTC,15.5,472,H
2016-12-16 06:37:00 UTC,-3.1,-94,L
2016-12-16 12:55:00 UTC,13.0,396,H
2016-12-16 18:44:00 UTC,2.3,70,L
2016-12-17 00:35:00 UTC,14.8,451,H
2016-12-17 07:23:00 UTC,-2.4,-73,L
2016-12-17 13:42:00 UTC,12.6,384,H
2016-12-17 19:33:00 UTC,2.7,82,L
2016-12-18 01:23:00 UTC,13.8,421,H
2016-12-18 08:09:00 UTC,-1.3,-40,L
2016-12-18 14:31:00 UTC,12.1,369,H
2016-12-18 20:26:00 UTC,3.2,98,L
2016-12-19 02:13:00 UTC,12.5,381,H
2016-12-19 08:56:00 UTC,-0.1,-3,L
2016-12-19 15:22:00 UTC,11.7,357,H
2016-12-19 21:25:00 UTC,3.7,113,L
2016-12-20 03:08:00 UTC,11.2,341,H
2016-12-20 09:47:00 UTC,1.2,37,L
2016-12-20 16:15:00 UTC,11.3,344,H
2016-12-20 22:33:00 UTC,4.0,122,L
2016-12-21 04:10:00 UTC,10.0,305,H
2016-12-21 10:43:00 UTC,2.4,73,L
2016-12-21 17:10:00 UTC,11.0,335,H
2016-12-21 23:50:00 UTC,3.9,119,L
2016-12-22 05:21:00 UTC,9.1,277,H
2016-12-22 11:46:00 UTC,3.4,104,L
2016-12-22 18:07:00 UTC,10.9,332,H
2016-12-23 01:03:00 UTC,3.4,104,L
2016-12-23 06:44:00 UTC,8.7,265,H
2016-12-23 12:51:00 UTC,3.9,119,L
2016-12-23 19:04:00 UTC,11.1,338,H
2016-12-24 02:03:00 UTC,2.7,82,L
2016-12-24 08:04:00 UTC,8.9,271,H
2016-12-24 13:49:00 UTC,4.2,128,L
2016-12-24 19:54:00 UTC,11.4,347,H
2016-12-25 02:51:00 UTC,1.8,55,L
2016-12-25 09:04:00 UTC,9.3,283,H
2016-12-25 14:38:00 UTC,4.2,128,L
2016-12-25 20:38:00 UTC,11.8,360,H
2016-12-26 03:33:00 UTC,1.0,30,L
2016-12-26 09:50:00 UTC,9.9,302,H
2016-12-26 15:22:00 UTC,4.1,125,L
2016-12-26 21:17:00 UTC,12.3,375,H
2016-12-27 04:10:00 UTC,0.3,9,L
2016-12-27 10:27:00 UTC,10.4,317,H
2016-12-27 16:02:00 UTC,4.0,122,L
2016-12-27 21:54:00 UTC,12.8,390,H
2016-12-28 04:46:00 UTC,-0.2,-6,L
2016-12-28 11:01:00 UTC,10.9,332,H
2016-12-28 16:40:00 UTC,3.8,116,L
2016-12-28 22:29:00 UTC,13.1,399,H
2016-12-29 05:20:00 UTC,-0.7,-21,L
2016-12-29 11:34:00 UTC,11.2,341,H
2016-12-29 17:16:00 UTC,3.6,110,L
2016-12-29 23:04:00 UTC,13.4,408,H
2016-12-30 05:53:00 UTC,-0.9,-27,L
2016-12-30 12:07:00 UTC,11.5,351,H
2016-12-30 17:51:00 UTC,3.5,107,L
2016-12-30 23:40:00 UTC,13.4,408,H
2016-12-31 06:26:00 UTC,-1.0,-30,L
2016-12-31 12:40:00 UTC,11.7,357,H
2016-12-31 18:26:00 UTC,3.4,104,L
