time,feet,centimeters,tide
2015-12-31 05:09:00 UTC,3.2,98,H
2015-12-31 12:09:00 UTC,0.1,3,L
2015-12-31 18:57:00 UTC,3.4,104,H
2016-01-01 00:56:00 UTC,1.0,30,L
2016-01-01 06:13:00 UTC,2.9,88,H
2016-01-01 12:53:00 UTC,0.3,9,L
2016-01-01 19:49:00 UTC,3.4,104,H
2016-01-02 02:05:00 UTC,0.9,27,L
2016-01-02 07:33:00 UTC,2.6,79,H
2016-01-02 13:36:00 UTC,0.5,15,L
2016-01-02 20:32:00 UTC,3.4,104,H
2016-01-03 03:14:00 UTC,0.7,21,L
2016-01-03 08:56:00 UTC,2.5,76,H
2016-01-03 14:24:00 UTC,0.7,21,L
2016-01-03 21:14:00 UTC,3.5,107,H
2016-01-04 04:18:00 UTC,0.5,15,L
2016-01-04 10:08:00 UTC,2.5,76,H
2016-01-04 15:15:00 UTC,0.9,27,L
2016-01-04 21:52:00 UTC,3.7,113,H
2016-01-05 05:15:00 UTC,0.3,9,L
2016-01-05 11:11:00 UTC,2.7,82,H
2016-01-05 16:07:00 UTC,1.1,34,L
2016-01-05 22:27:00 UTC,3.8,116,H
2016-01-06 06:05:00 UTC,0.1,3,L
2016-01-06 12:07:00 UTC,2.8,85,H
2016-01-06 16:57:00 UTC,1.2,37,L
2016-01-06 23:01:00 UTC,4.0,122,H
2016-01-07 06:49:00 UTC,0.0,0,L
2016-01-07 12:57:00 UTC,3.0,91,H
2016-01-07 17:46:00 UTC,1.3,40,L
2016-01-07 23:35:00 UTC,4.2,128,H
2016-01-08 07:30:00 UTC,-0.1,-3,L
2016-01-08 13:43:00 UTC,3.1,94,H
2016-01-08 18:34:00 UTC,1.4,43,L
2016-01-09 00:12:00 UTC,4.3,131,H
2016-01-09 08:09:00 UTC,-0.1,-3,L
2016-01-09 14:26:00 UTC,3.3,101,H
2016-01-09 19:21:00 UTC,1.4,43,L
2016-01-10 00:53:00 UTC,4.4,134,H
2016-01-10 08:46:00 UTC,-0.2,-6,L
2016-01-10 15:07:00 UTC,3.3,101,H
2016-01-10 20:08:00 UTC,1.3,40,L
2016-01-11 01:37:00 UTC,4.4,134,H
2016-01-11 09:21:00 UTC,-0.2,-6,L
2016-01-11 15:46:00 UTC,3.4,104,H
2016-01-11 20:57:00 UTC,1.2,37,L
2016-01-12 02:23:00 UTC,4.4,134,H
2016-01-12 09:56:00 UTC,-0.3,-9,L
2016-01-12 16:23:00 UTC,3.5,107,H
2016-01-12 21:47:00 UTC,1.1,34,L
2016-01-13 03:13:00 UTC,4.2,128,H
2016-01-13 10:32:00 UTC,-0.2,-6,L
2016-01-13 17:01:00 UTC,3.5,107,H
2016-01-13 22:40:00 UTC,1.0,30,L
2016-01-14 04:06:00 UTC,4.0,122,H
2016-01-14 11:11:00 UTC,-0.2,-6,L
2016-01-14 17:41:00 UTC,3.6,110,H
2016-01-14 23:38:00 UTC,0.8,24,L
2016-01-15 05:05:00 UTC,3.6,110,H
2016-01-15 11:53:00 UTC,0.0,0,L
2016-01-15 18:25:00 UTC,3.7,113,H
2016-01-16 00:45:00 UTC,0.7,21,L
2016-01-16 06:16:00 UTC,3.2,98,H
2016-01-16 12:40:00 UTC,0.2,6,L
2016-01-16 19:14:00 UTC,3.7,113,H
2016-01-17 01:59:00 UTC,0.6,18,L
2016-01-17 07:41:00 UTC,2.9,88,H
2016-01-17 13:34:00 UTC,0.5,15,L
2016-01-17 20:08:00 UTC,3.9,119,H
2016-01-18 03:16:00 UTC,0.4,12,L
2016-01-18 09:08:00 UTC,2.8,85,H
2016-01-18 14:35:00 UTC,0.7,21,L
2016-01-18 21:04:00 UTC,4.0,122,H
2016-01-19 04:28:00 UTC,0.2,6,L
2016-01-19 10:24:00 UTC,2.9,88,H
2016-01-19 15:40:00 UTC,0.9,27,L
2016-01-19 21:59:00 UTC,4.1,125,H
2016-01-20 05:31:00 UTC,0.0,0,L
2016-01-20 11:30:00 UTC,3.1,94,H
2016-01-20 16:43:00 UTC,1.1,34,L
2016-01-20 22:50:00 UTC,4.3,131,H
2016-01-21 06:26:00 UTC,-0.2,-6,L
2016-01-21 12:28:00 UTC,3.3,101,H
2016-01-21 17:42:00 UTC,1.1,34,L
2016-01-21 23:39:00 UTC,4.4,134,H
2016-01-22 07:15:00 UTC,-0.2,-6,L
2016-01-22 13:20:00 UTC,3.5,107,H
2016-01-22 18:38:00 UTC,1.2,37,L
2016-01-23 00:25:00 UTC,4.4,134,H
2016-01-23 08:00:00 UTC,-0.3,-9,L
2016-01-23 14:08:00 UTC,3.6,110,H
2016-01-23 19:29:00 UTC,1.2,37,L
2016-01-24 01:08:00 UTC,4.3,131,H
2016-01-24 08:41:00 UTC,-0.2,-6,L
2016-01-24 14:53:00 UTC,3.7,113,H
2016-01-24 20:18:00 UTC,1.2,37,L
2016-01-25 01:51:00 UTC,4.2,128,H
2016-01-25 09:19:00 UTC,-0.1,-3,L
2016-01-25 15:35:00 UTC,3.7,113,H
2016-01-25 21:05:00 UTC,1.2,37,L
2016-01-26 02:32:00 UTC,4.1,125,H
2016-01-26 09:53:00 UTC,0.0,0,L
2016-01-26 16:14:00 UTC,3.7,113,H
2016-01-26 21:50:00 UTC,1.1,34,L
2016-01-27 03:14:00 UTC,3.8,116,H
2016-01-27 10:23:00 UTC,0.1,3,L
2016-01-27 16:50:00 UTC,3.6,110,H
2016-01-27 22:36:00 UTC,1.1,34,L
2016-01-28 03:57:00 UTC,3.6,110,H
2016-01-28 10:51:00 UTC,0.2,6,L
2016-01-28 17:23:00 UTC,3.6,110,H
2016-01-28 23:23:00 UTC,1.0,30,L
2016-01-29 04:45:00 UTC,3.3,101,H
2016-01-29 11:20:00 UTC,0.4,12,L
2016-01-29 17:55:00 UTC,3.5,107,H
2016-01-30 00:15:00 UTC,1.0,30,L
2016-01-30 05:42:00 UTC,3.0,91,H
2016-01-30 11:52:00 UTC,0.5,15,L
2016-01-30 18:28:00 UTC,3.5,107,H
2016-01-31 01:16:00 UTC,0.9,27,L
2016-01-31 06:56:00 UTC,2.7,82,H
2016-01-31 12:31:00 UTC,0.8,24,L
2016-01-31 19:05:00 UTC,3.5,107,H
2016-02-01 02:26:00 UTC,0.8,24,L
2016-02-01 08:21:00 UTC,2.6,79,H
2016-02-01 13:20:00 UTC,1.0,30,L
2016-02-01 19:48:00 UTC,3.6,110,H
2016-02-02 03:37:00 UTC,0.7,21,L
2016-02-02 09:40:00 UTC,2.6,79,H
2016-02-02 14:18:00 UTC,1.2,37,L
2016-02-02 20:38:00 UTC,3.7,113,H
2016-02-03 04:40:00 UTC,0.5,15,L
2016-02-03 10:47:00 UTC,2.7,82,H
2016-02-03 15:23:00 UTC,1.3,40,L
2016-02-03 21:29:00 UTC,3.8,116,H
2016-02-04 05:34:00 UTC,0.3,9,L
2016-02-04 11:43:00 UTC,2.9,88,H
2016-02-04 16:27:00 UTC,1.4,43,L
2016-02-04 22:20:00 UTC,4.0,122,H
2016-02-05 06:20:00 UTC,0.2,6,L
2016-02-05 12:32:00 UTC,3.1,94,H
2016-02-05 17:24:00 UTC,1.4,43,L
2016-02-05 23:08:00 UTC,4.2,128,H
2016-02-06 07:02:00 UTC,0.0,0,L
2016-02-06 13:15:00 UTC,3.3,101,H
2016-02-06 18:17:00 UTC,1.3,40,L
2016-02-06 23:55:00 UTC,4.3,131,H
2016-02-07 07:40:00 UTC,-0.1,-3,L
2016-02-07 13:55:00 UTC,3.4,104,H
2016-02-07 19:07:00 UTC,1.2,37,L
2016-02-08 00:43:00 UTC,4.4,134,H
2016-02-08 08:17:00 UTC,-0.1,-3,L
2016-02-08 14:32:00 UTC,3.6,110,H
2016-02-08 19:56:00 UTC,1.1,34,L
2016-02-09 01:31:00 UTC,4.5,137,H
2016-02-09 08:53:00 UTC,-0.1,-3,L
2016-02-09 15:07:00 UTC,3.7,113,H
2016-02-09 20:45:00 UTC,0.9,27,L
2016-02-10 02:20:00 UTC,4.4,134,H
2016-02-10 09:28:00 UTC,-0.1,-3,L
2016-02-10 15:41:00 UTC,3.8,116,H
2016-02-10 21:35:00 UTC,0.8,24,L
2016-02-11 03:11:00 UTC,4.2,128,H
2016-02-11 10:04:00 UTC,0.0,0,L
2016-02-11 16:17:00 UTC,3.9,119,H
2016-02-11 22:27:00 UTC,0.6,18,L
2016-02-12 04:06:00 UTC,3.9,119,H
2016-02-12 10:42:00 UTC,0.1,3,L
2016-02-12 16:54:00 UTC,3.9,119,H
2016-02-12 23:24:00 UTC,0.5,15,L
2016-02-13 05:07:00 UTC,3.6,110,H
2016-02-13 11:24:00 UTC,0.3,9,L
2016-02-13 17:37:00 UTC,4.0,122,H
2016-02-14 00:28:00 UTC,0.5,15,L
2016-02-14 06:18:00 UTC,3.3,101,H
2016-02-14 12:12:00 UTC,0.5,15,L
2016-02-14 18:26:00 UTC,4.0,122,H
2016-02-15 01:42:00 UTC,0.4,12,L
2016-02-15 07:41:00 UTC,3.0,91,H
2016-02-15 13:08:00 UTC,0.8,24,L
2016-02-15 19:25:00 UTC,3.9,119,H
2016-02-16 02:59:00 UTC,0.3,9,L
2016-02-16 09:03:00 UTC,3.0,91,H
2016-02-16 14:16:00 UTC,1.0,30,L
2016-02-16 20:31:00 UTC,3.9,119,H
2016-02-17 04:12:00 UTC,0.2,6,L
2016-02-17 10:16:00 UTC,3.1,94,H
2016-02-17 15:29:00 UTC,1.1,34,L
2016-02-17 21:38:00 UTC,4.0,122,H
2016-02-18 05:15:00 UTC,0.0,0,L
2016-02-18 11:19:00 UTC,3.3,101,H
2016-02-18 16:37:00 UTC,1.2,37,L
2016-02-18 22:39:00 UTC,4.1,125,H
2016-02-19 06:09:00 UTC,-0.1,-3,L
2016-02-19 12:13:00 UTC,3.5,107,H
2016-02-19 17:39:00 UTC,1.1,34,L
2016-02-19 23:32:00 UTC,4.1,125,H
2016-02-20 06:56:00 UTC,-0.1,-3,L
2016-02-20 13:00:00 UTC,3.7,113,H
2016-02-20 18:33:00 UTC,1.1,34,L
2016-02-21 00:20:00 UTC,4.1,125,H
2016-02-21 07:37:00 UTC,-0.1,-3,L
2016-02-21 13:44:00 UTC,3.8,116,H
2016-02-21 19:22:00 UTC,1.0,30,L
2016-02-22 01:04:00 UTC,4.1,125,H
2016-02-22 08:14:00 UTC,0.0,0,L
2016-02-22 14:23:00 UTC,3.8,116,H
2016-02-22 20:07:00 UTC,1.0,30,L
2016-02-23 01:46:00 UTC,4.0,122,H
2016-02-23 08:47:00 UTC,0.1,3,L
2016-02-23 14:59:00 UTC,3.8,116,H
2016-02-23 20:50:00 UTC,0.9,27,L
2016-02-24 02:26:00 UTC,3.9,119,H
2016-02-24 09:16:00 UTC,0.2,6,L
2016-02-24 15:30:00 UTC,3.8,116,H
2016-02-24 21:31:00 UTC,0.8,24,L
2016-02-25 03:06:00 UTC,3.7,113,H
2016-02-25 09:42:00 UTC,0.3,9,L
2016-02-25 15:56:00 UTC,3.7,113,H
2016-02-25 22:11:00 UTC,0.8,24,L
2016-02-26 03:47:00 UTC,3.5,107,H
2016-02-26 10:07:00 UTC,0.5,15,L
2016-02-26 16:18:00 UTC,3.7,113,H
2016-02-26 22:51:00 UTC,0.7,21,L
2016-02-27 04:32:00 UTC,3.3,101,H
2016-02-27 10:33:00 UTC,0.6,18,L
2016-02-27 16:39:00 UTC,3.7,113,H
2016-02-27 23:34:00 UTC,0.7,21,L
2016-02-28 05:25:00 UTC,3.0,91,H
2016-02-28 11:05:00 UTC,0.8,24,L
2016-02-28 17:05:00 UTC,3.7,113,H
2016-02-29 00:25:00 UTC,0.7,21,L
2016-02-29 06:32:00 UTC,2.8,85,H
2016-02-29 11:45:00 UTC,1.0,30,L
2016-02-29 17:41:00 UTC,3.7,113,H
2016-03-01 01:29:00 UTC,0.7,21,L
2016-03-01 07:53:00 UTC,2.6,79,H
2016-03-01 12:35:00 UTC,1.2,37,L
2016-03-01 18:27:00 UTC,3.6,110,H
2016-03-02 02:43:00 UTC,0.6,18,L
2016-03-02 09:12:00 UTC,2.7,82,H
2016-03-02 13:38:00 UTC,1.4,43,L
2016-03-02 19:26:00 UTC,3.6,110,H
2016-03-03 03:54:00 UTC,0.5,15,L
2016-03-03 10:18:00 UTC,2.8,85,H
2016-03-03 14:52:00 UTC,1.4,43,L
2016-03-03 20:35:00 UTC,3.6,110,H
2016-03-04 04:52:00 UTC,0.3,9,L
2016-03-04 11:13:00 UTC,3.0,91,H
2016-03-04 16:05:00 UTC,1.4,43,L
2016-03-04 21:44:00 UTC,3.8,116,H
2016-03-05 05:41:00 UTC,0.2,6,L
2016-03-05 11:59:00 UTC,3.2,98,H
2016-03-05 17:08:00 UTC,1.3,40,L
2016-03-05 22:46:00 UTC,3.9,119,H
2016-03-06 06:24:00 UTC,0.1,3,L
2016-03-06 12:39:00 UTC,3.4,104,H
2016-03-06 18:03:00 UTC,1.1,34,L
2016-03-06 23:42:00 UTC,4.1,125,H
2016-03-07 07:04:00 UTC,0.0,0,L
2016-03-07 13:16:00 UTC,3.6,110,H
2016-03-07 18:54:00 UTC,0.9,27,L
2016-03-08 00:34:00 UTC,4.2,128,H
2016-03-08 07:41:00 UTC,0.0,0,L
2016-03-08 13:50:00 UTC,3.7,113,H
2016-03-08 19:43:00 UTC,0.7,21,L
2016-03-09 01:26:00 UTC,4.2,128,H
2016-03-09 08:18:00 UTC,0.0,0,L
2016-03-09 14:23:00 UTC,3.9,119,H
2016-03-09 20:32:00 UTC,0.5,15,L
2016-03-10 02:18:00 UTC,4.2,128,H
2016-03-10 08:55:00 UTC,0.1,3,L
2016-03-10 14:56:00 UTC,4.0,122,H
2016-03-10 21:22:00 UTC,0.3,9,L
2016-03-11 03:11:00 UTC,4.0,122,H
2016-03-11 09:33:00 UTC,0.2,6,L
2016-03-11 15:32:00 UTC,4.1,125,H
2016-03-11 22:14:00 UTC,0.2,6,L
2016-03-12 04:08:00 UTC,3.8,116,H
2016-03-12 10:13:00 UTC,0.4,12,L
2016-03-12 16:10:00 UTC,4.2,128,H
2016-03-12 23:10:00 UTC,0.1,3,L
2016-03-13 05:11:00 UTC,3.5,107,H
2016-03-13 10:58:00 UTC,0.6,18,L
2016-03-13 16:53:00 UTC,4.1,125,H
2016-03-14 00:12:00 UTC,0.1,3,L
2016-03-14 06:21:00 UTC,3.2,98,H
2016-03-14 11:49:00 UTC,0.8,24,L
2016-03-14 17:43:00 UTC,4.0,122,H
2016-03-15 01:22:00 UTC,0.2,6,L
2016-03-15 07:38:00 UTC,3.1,94,H
2016-03-15 12:51:00 UTC,1.0,30,L
2016-03-15 18:45:00 UTC,3.8,116,H
2016-03-16 02:36:00 UTC,0.2,6,L
2016-03-16 08:53:00 UTC,3.1,94,H
2016-03-16 14:05:00 UTC,1.1,34,L
2016-03-16 20:01:00 UTC,3.6,110,H
2016-03-17 03:47:00 UTC,0.1,3,L
2016-03-17 10:01:00 UTC,3.2,98,H
2016-03-17 15:22:00 UTC,1.1,34,L
2016-03-17 21:20:00 UTC,3.6,110,H
2016-03-18 04:49:00 UTC,0.0,0,L
2016-03-18 10:59:00 UTC,3.4,104,H
2016-03-18 16:32:00 UTC,1.0,30,L
2016-03-18 22:27:00 UTC,3.6,110,H
2016-03-19 05:41:00 UTC,0.0,0,L
2016-03-19 11:49:00 UTC,3.6,110,H
2016-03-19 17:33:00 UTC,0.9,27,L
2016-03-19 23:24:00 UTC,3.6,110,H
2016-03-20 06:26:00 UTC,0.0,0,L
2016-03-20 12:32:00 UTC,3.7,113,H
2016-03-20 18:25:00 UTC,0.7,21,L
2016-03-21 00:13:00 UTC,3.7,113,H
2016-03-21 07:05:00 UTC,0.0,0,L
2016-03-21 13:12:00 UTC,3.8,116,H
2016-03-21 19:11:00 UTC,0.6,18,L
2016-03-22 00:57:00 UTC,3.6,110,H
2016-03-22 07:39:00 UTC,0.2,6,L
2016-03-22 13:46:00 UTC,3.8,116,H
2016-03-22 19:54:00 UTC,0.5,15,L
2016-03-23 01:39:00 UTC,3.6,110,H
2016-03-23 08:09:00 UTC,0.3,9,L
2016-03-23 14:16:00 UTC,3.8,116,H
2016-03-23 20:35:00 UTC,0.5,15,L
2016-03-24 02:20:00 UTC,3.5,107,H
2016-03-24 08:36:00 UTC,0.5,15,L
2016-03-24 14:40:00 UTC,3.8,116,H
2016-03-24 21:13:00 UTC,0.4,12,L
2016-03-25 03:01:00 UTC,3.4,104,H
2016-03-25 09:01:00 UTC,0.6,18,L
2016-03-25 14:58:00 UTC,3.8,116,H
2016-03-25 21:49:00 UTC,0.4,12,L
2016-03-26 03:43:00 UTC,3.3,101,H
2016-03-26 09:26:00 UTC,0.7,21,L
2016-03-26 15:16:00 UTC,3.8,116,H
2016-03-26 22:24:00 UTC,0.4,12,L
2016-03-27 04:28:00 UTC,3.1,94,H
2016-03-27 09:55:00 UTC,0.9,27,L
2016-03-27 15:39:00 UTC,3.8,116,H
2016-03-27 23:01:00 UTC,0.3,9,L
2016-03-28 05:19:00 UTC,2.9,88,H
2016-03-28 10:30:00 UTC,1.0,30,L
2016-03-28 16:10:00 UTC,3.8,116,H
2016-03-28 23:42:00 UTC,0.4,12,L
2016-03-29 06:20:00 UTC,2.8,85,H
2016-03-29 11:13:00 UTC,1.1,34,L
2016-03-29 16:49:00 UTC,3.7,113,H
2016-03-30 00:35:00 UTC,0.4,12,L
2016-03-30 07:31:00 UTC,2.7,82,H
2016-03-30 12:06:00 UTC,1.3,40,L
2016-03-30 17:38:00 UTC,3.6,110,H
2016-03-31 01:42:00 UTC,0.4,12,L
2016-03-31 08:42:00 UTC,2.7,82,H
2016-03-31 13:13:00 UTC,1.4,43,L
2016-03-31 18:38:00 UTC,3.5,107,H
2016-04-01 02:55:00 UTC,0.3,9,L
2016-04-01 09:43:00 UTC,2.8,85,H
2016-04-01 14:32:00 UTC,1.3,40,L
2016-04-01 19:53:00 UTC,3.4,104,H
2016-04-02 03:59:00 UTC,0.2,6,L
2016-04-02 10:35:00 UTC,3.0,91,H
2016-04-02 15:48:00 UTC,1.2,37,L
2016-04-02 21:15:00 UTC,3.4,104,H
2016-04-03 04:52:00 UTC,0.1,3,L
2016-04-03 11:19:00 UTC,3.2,98,H
2016-04-03 16:52:00 UTC,1.0,30,L
2016-04-03 22:27:00 UTC,3.5,107,H
2016-04-04 05:38:00 UTC,0.1,3,L
2016-04-04 11:57:00 UTC,3.4,104,H
2016-04-04 17:49:00 UTC,0.7,21,L
2016-04-04 23:30:00 UTC,3.6,110,H
2016-04-05 06:20:00 UTC,0.1,3,L
2016-04-05 12:32:00 UTC,3.7,113,H
2016-04-05 18:41:00 UTC,0.4,12,L
2016-04-06 00:26:00 UTC,3.8,116,H
2016-04-06 07:00:00 UTC,0.1,3,L
2016-04-06 13:05:00 UTC,3.9,119,H
2016-04-06 19:31:00 UTC,0.2,6,L
2016-04-07 01:21:00 UTC,3.8,116,H
2016-04-07 07:40:00 UTC,0.2,6,L
2016-04-07 13:38:00 UTC,4.0,122,H
2016-04-07 20:21:00 UTC,0.0,0,L
2016-04-08 02:16:00 UTC,3.8,116,H
2016-04-08 08:20:00 UTC,0.3,9,L
2016-04-08 14:13:00 UTC,4.2,128,H
2016-04-08 21:12:00 UTC,-0.2,-6,L
2016-04-09 03:12:00 UTC,3.6,110,H
2016-04-09 09:02:00 UTC,0.5,15,L
2016-04-09 14:51:00 UTC,4.3,131,H
2016-04-09 22:03:00 UTC,-0.3,-9,L
2016-04-10 04:11:00 UTC,3.5,107,H
2016-04-10 09:47:00 UTC,0.7,21,L
2016-04-10 15:31:00 UTC,4.2,128,H
2016-04-10 22:58:00 UTC,-0.3,-9,L
2016-04-11 05:13:00 UTC,3.3,101,H
2016-04-11 10:37:00 UTC,0.8,24,L
2016-04-11 16:16:00 UTC,4.1,125,H
2016-04-11 23:56:00 UTC,-0.2,-6,L
2016-04-12 06:19:00 UTC,3.2,98,H
2016-04-12 11:33:00 UTC,1.0,30,L
2016-04-12 17:07:00 UTC,3.8,116,H
2016-04-13 00:59:00 UTC,-0.1,-3,L
2016-04-13 07:28:00 UTC,3.1,94,H
2016-04-13 12:40:00 UTC,1.1,34,L
2016-04-13 18:10:00 UTC,3.5,107,H
2016-04-14 02:06:00 UTC,-0.1,-3,L
2016-04-14 08:35:00 UTC,3.2,98,H
2016-04-14 13:55:00 UTC,1.1,34,L
2016-04-14 19:32:00 UTC,3.2,98,H
2016-04-15 03:11:00 UTC,0.0,0,L
2016-04-15 09:36:00 UTC,3.3,101,H
2016-04-15 15:12:00 UTC,1.0,30,L
2016-04-15 20:57:00 UTC,3.1,94,H
2016-04-16 04:10:00 UTC,0.0,0,L
2016-04-16 10:30:00 UTC,3.5,107,H
2016-04-16 16:21:00 UTC,0.8,24,L
2016-04-16 22:09:00 UTC,3.1,94,H
2016-04-17 05:01:00 UTC,0.0,0,L
2016-04-17 11:17:00 UTC,3.6,110,H
2016-04-17 17:20:00 UTC,0.6,18,L
2016-04-17 23:08:00 UTC,3.1,94,H
2016-04-18 05:45:00 UTC,0.1,3,L
2016-04-18 11:58:00 UTC,3.7,113,H
2016-04-18 18:11:00 UTC,0.4,12,L
2016-04-18 23:59:00 UTC,3.2,98,H
2016-04-19 06:23:00 UTC,0.2,6,L
2016-04-19 12:34:00 UTC,3.8,116,H
2016-04-19 18:57:00 UTC,0.2,6,L
2016-04-20 00:46:00 UTC,3.2,98,H
2016-04-20 06:56:00 UTC,0.4,12,L
2016-04-20 13:05:00 UTC,3.8,116,H
2016-04-20 19:39:00 UTC,0.1,3,L
2016-04-21 01:30:00 UTC,3.2,98,H
2016-04-21 07:26:00 UTC,0.5,15,L
2016-04-21 13:30:00 UTC,3.8,116,H
2016-04-21 20:19:00 UTC,0.1,3,L
2016-04-22 02:14:00 UTC,3.1,94,H
2016-04-22 07:54:00 UTC,0.7,21,L
2016-04-22 13:49:00 UTC,3.8,116,H
2016-04-22 20:56:00 UTC,0.0,0,L
2016-04-23 02:57:00 UTC,3.1,94,H
2016-04-23 08:22:00 UTC,0.9,27,L
2016-04-23 14:06:00 UTC,3.9,119,H
2016-04-23 21:32:00 UTC,0.0,0,L
2016-04-24 03:41:00 UTC,3.0,91,H
2016-04-24 08:52:00 UTC,1.0,30,L
2016-04-24 14:28:00 UTC,3.9,119,H
2016-04-24 22:05:00 UTC,0.0,0,L
2016-04-25 04:27:00 UTC,3.0,91,H
2016-04-25 09:26:00 UTC,1.1,34,L
2016-04-25 14:57:00 UTC,3.9,119,H
2016-04-25 22:39:00 UTC,0.0,0,L
2016-04-26 05:16:00 UTC,2.9,88,H
2016-04-26 10:06:00 UTC,1.2,37,L
2016-04-26 15:33:00 UTC,3.9,119,H
2016-04-26 23:15:00 UTC,0.0,0,L
2016-04-27 06:09:00 UTC,2.8,85,H
2016-04-27 10:52:00 UTC,1.2,37,L
2016-04-27 16:16:00 UTC,3.7,113,H
2016-04-27 23:59:00 UTC,0.0,0,L
2016-04-28 07:08:00 UTC,2.8,85,H
2016-04-28 11:49:00 UTC,1.3,40,L
2016-04-28 17:06:00 UTC,3.5,107,H
2016-04-29 00:53:00 UTC,0.0,0,L
2016-04-29 08:08:00 UTC,2.8,85,H
2016-04-29 12:57:00 UTC,1.3,40,L
2016-04-29 18:08:00 UTC,3.3,101,H
2016-04-30 01:56:00 UTC,0.0,0,L
2016-04-30 09:03:00 UTC,2.9,88,H
2016-04-30 14:15:00 UTC,1.1,34,L
2016-04-30 19:24:00 UTC,3.1,94,H
2016-05-01 02:59:00 UTC,0.0,0,L
2016-05-01 09:51:00 UTC,3.1,94,H
2016-05-01 15:30:00 UTC,0.9,27,L
2016-05-01 20:51:00 UTC,3.0,91,H
2016-05-02 03:56:00 UTC,0.1,3,L
2016-05-02 10:34:00 UTC,3.3,101,H
2016-05-02 16:36:00 UTC,0.6,18,L
2016-05-02 22:11:00 UTC,3.1,94,H
2016-05-03 04:47:00 UTC,0.1,3,L
2016-05-03 11:12:00 UTC,3.6,110,H
2016-05-03 17:35:00 UTC,0.3,9,L
2016-05-03 23:18:00 UTC,3.2,98,H
2016-05-04 05:33:00 UTC,0.2,6,L
2016-05-04 11:47:00 UTC,3.8,116,H
2016-05-04 18:29:00 UTC,0.0,0,L
2016-05-05 00:19:00 UTC,3.3,101,H
2016-05-05 06:18:00 UTC,0.3,9,L
2016-05-05 12:23:00 UTC,4.1,125,H
2016-05-05 19:21:00 UTC,-0.2,-6,L
2016-05-06 01:17:00 UTC,3.4,104,H
2016-05-06 07:02:00 UTC,0.5,15,L
2016-05-06 12:59:00 UTC,4.3,131,H
2016-05-06 20:12:00 UTC,-0.4,-12,L
2016-05-07 02:14:00 UTC,3.4,104,H
2016-05-07 07:48:00 UTC,0.6,18,L
2016-05-07 13:37:00 UTC,4.4,134,H
2016-05-07 21:02:00 UTC,-0.5,-15,L
2016-05-08 03:12:00 UTC,3.4,104,H
2016-05-08 08:35:00 UTC,0.8,24,L
2016-05-08 14:17:00 UTC,4.4,134,H
2016-05-08 21:53:00 UTC,-0.5,-15,L
2016-05-09 04:09:00 UTC,3.3,101,H
2016-05-09 09:26:00 UTC,0.9,27,L
2016-05-09 15:01:00 UTC,4.3,131,H
2016-05-09 22:45:00 UTC,-0.5,-15,L
2016-05-10 05:08:00 UTC,3.3,101,H
2016-05-10 10:20:00 UTC,1.0,30,L
2016-05-10 15:47:00 UTC,4.0,122,H
2016-05-10 23:37:00 UTC,-0.4,-12,L
2016-05-11 06:08:00 UTC,3.3,101,H
2016-05-11 11:20:00 UTC,1.1,34,L
2016-05-11 16:40:00 UTC,3.7,113,H
2016-05-12 00:32:00 UTC,-0.3,-9,L
2016-05-12 07:08:00 UTC,3.3,101,H
2016-05-12 12:26:00 UTC,1.1,34,L
2016-05-12 17:42:00 UTC,3.3,101,H
2016-05-13 01:28:00 UTC,-0.2,-6,L
2016-05-13 08:07:00 UTC,3.3,101,H
2016-05-13 13:39:00 UTC,1.0,30,L
2016-05-13 19:00:00 UTC,3.0,91,H
2016-05-14 02:25:00 UTC,-0.1,-3,L
2016-05-14 09:03:00 UTC,3.4,104,H
2016-05-14 14:53:00 UTC,0.9,27,L
2016-05-14 20:26:00 UTC,2.7,82,H
2016-05-15 03:20:00 UTC,0.0,0,L
2016-05-15 09:53:00 UTC,3.5,107,H
2016-05-15 16:01:00 UTC,0.6,18,L
2016-05-15 21:41:00 UTC,2.7,82,H
2016-05-16 04:10:00 UTC,0.1,3,L
2016-05-16 10:38:00 UTC,3.6,110,H
2016-05-16 17:01:00 UTC,0.4,12,L
2016-05-16 22:44:00 UTC,2.7,82,H
2016-05-17 04:54:00 UTC,0.3,9,L
2016-05-17 11:18:00 UTC,3.7,113,H
2016-05-17 17:53:00 UTC,0.2,6,L
2016-05-17 23:40:00 UTC,2.8,85,H
2016-05-18 05:33:00 UTC,0.4,12,L
2016-05-18 11:52:00 UTC,3.8,116,H
2016-05-18 18:39:00 UTC,0.0,0,L
2016-05-19 00:31:00 UTC,2.8,85,H
2016-05-19 06:08:00 UTC,0.6,18,L
2016-05-19 12:20:00 UTC,3.8,116,H
2016-05-19 19:22:00 UTC,-0.1,-3,L
2016-05-20 01:19:00 UTC,2.9,88,H
2016-05-20 06:42:00 UTC,0.8,24,L
2016-05-20 12:43:00 UTC,3.9,119,H
2016-05-20 20:02:00 UTC,-0.2,-6,L
2016-05-21 02:06:00 UTC,2.9,88,H
2016-05-21 07:14:00 UTC,1.0,30,L
2016-05-21 13:03:00 UTC,4.0,122,H
2016-05-21 20:40:00 UTC,-0.2,-6,L
2016-05-22 02:52:00 UTC,3.0,91,H
2016-05-22 07:49:00 UTC,1.1,34,L
2016-05-22 13:25:00 UTC,4.0,122,H
2016-05-22 21:16:00 UTC,-0.2,-6,L
2016-05-23 03:37:00 UTC,3.0,91,H
2016-05-23 08:25:00 UTC,1.2,37,L
2016-05-23 13:54:00 UTC,4.1,125,H
2016-05-23 21:50:00 UTC,-0.2,-6,L
2016-05-24 04:21:00 UTC,3.0,91,H
2016-05-24 09:06:00 UTC,1.3,40,L
2016-05-24 14:29:00 UTC,4.1,125,H
2016-05-24 22:23:00 UTC,-0.2,-6,L
2016-05-25 05:05:00 UTC,3.0,91,H
2016-05-25 09:50:00 UTC,1.3,40,L
2016-05-25 15:10:00 UTC,4.0,122,H
2016-05-25 22:57:00 UTC,-0.2,-6,L
2016-05-26 05:51:00 UTC,3.0,91,H
2016-05-26 10:40:00 UTC,1.3,40,L
2016-05-26 15:56:00 UTC,3.8,116,H
2016-05-26 23:35:00 UTC,-0.2,-6,L
2016-05-27 06:39:00 UTC,3.0,91,H
2016-05-27 11:37:00 UTC,1.2,37,L
2016-05-27 16:48:00 UTC,3.5,107,H
2016-05-28 00:20:00 UTC,-0.2,-6,L
2016-05-28 07:28:00 UTC,3.0,91,H
2016-05-28 12:43:00 UTC,1.1,34,L
2016-05-28 17:49:00 UTC,3.2,98,H
2016-05-29 01:11:00 UTC,-0.1,-3,L
2016-05-29 08:17:00 UTC,3.1,94,H
2016-05-29 13:57:00 UTC,1.0,30,L
2016-05-29 19:05:00 UTC,2.9,88,H
2016-05-30 02:06:00 UTC,0.0,0,L
2016-05-30 09:04:00 UTC,3.3,101,H
2016-05-30 15:12:00 UTC,0.7,21,L
2016-05-30 20:35:00 UTC,2.8,85,H
2016-05-31 03:03:00 UTC,0.1,3,L
2016-05-31 09:47:00 UTC,3.6,110,H
2016-05-31 16:21:00 UTC,0.4,12,L
2016-05-31 21:58:00 UTC,2.8,85,H
2016-06-01 03:57:00 UTC,0.2,6,L
2016-06-01 10:28:00 UTC,3.8,116,H
2016-06-01 17:23:00 UTC,0.1,3,L
2016-06-01 23:10:00 UTC,2.9,88,H
2016-06-02 04:50:00 UTC,0.4,12,L
2016-06-02 11:08:00 UTC,4.1,125,H
2016-06-02 18:19:00 UTC,-0.2,-6,L
2016-06-03 00:14:00 UTC,3.0,91,H
2016-06-03 05:40:00 UTC,0.6,18,L
2016-06-03 11:47:00 UTC,4.3,131,H
2016-06-03 19:12:00 UTC,-0.4,-12,L
2016-06-04 01:13:00 UTC,3.1,94,H
2016-06-04 06:31:00 UTC,0.8,24,L
2016-06-04 12:28:00 UTC,4.5,137,H
2016-06-04 20:03:00 UTC,-0.5,-15,L
2016-06-05 02:11:00 UTC,3.2,98,H
2016-06-05 07:23:00 UTC,1.0,30,L
2016-06-05 13:09:00 UTC,4.5,137,H
2016-06-05 20:53:00 UTC,-0.6,-18,L
2016-06-06 03:07:00 UTC,3.3,101,H
2016-06-06 08:16:00 UTC,1.1,34,L
2016-06-06 13:53:00 UTC,4.5,137,H
2016-06-06 21:41:00 UTC,-0.6,-18,L
2016-06-07 04:01:00 UTC,3.4,104,H
2016-06-07 09:10:00 UTC,1.1,34,L
2016-06-07 14:39:00 UTC,4.3,131,H
2016-06-07 22:28:00 UTC,-0.5,-15,L
2016-06-08 04:54:00 UTC,3.4,104,H
2016-06-08 10:06:00 UTC,1.2,37,L
2016-06-08 15:27:00 UTC,4.0,122,H
2016-06-08 23:14:00 UTC,-0.4,-12,L
2016-06-09 05:47:00 UTC,3.4,104,H
2016-06-09 11:04:00 UTC,1.2,37,L
2016-06-09 16:18:00 UTC,3.7,113,H
2016-06-09 23:59:00 UTC,-0.3,-9,L
2016-06-10 06:39:00 UTC,3.4,104,H
2016-06-10 12:07:00 UTC,1.1,34,L
2016-06-10 17:17:00 UTC,3.3,101,H
2016-06-11 00:45:00 UTC,-0.2,-6,L
2016-06-11 07:30:00 UTC,3.4,104,H
2016-06-11 13:13:00 UTC,1.0,30,L
2016-06-11 18:27:00 UTC,2.9,88,H
2016-06-12 01:32:00 UTC,0.0,0,L
2016-06-12 08:20:00 UTC,3.5,107,H
2016-06-12 14:23:00 UTC,0.9,27,L
2016-06-12 19:49:00 UTC,2.6,79,H
2016-06-13 02:20:00 UTC,0.2,6,L
2016-06-13 09:08:00 UTC,3.5,107,H
2016-06-13 15:32:00 UTC,0.6,18,L
2016-06-13 21:07:00 UTC,2.5,76,H
2016-06-14 03:07:00 UTC,0.4,12,L
2016-06-14 09:52:00 UTC,3.6,110,H
2016-06-14 16:34:00 UTC,0.4,12,L
2016-06-14 22:17:00 UTC,2.5,76,H
2016-06-15 03:54:00 UTC,0.6,18,L
2016-06-15 10:31:00 UTC,3.8,116,H
2016-06-15 17:29:00 UTC,0.2,6,L
2016-06-15 23:18:00 UTC,2.6,79,H
2016-06-16 04:38:00 UTC,0.8,24,L
2016-06-16 11:05:00 UTC,3.9,119,H
2016-06-16 18:18:00 UTC,0.0,0,L
2016-06-17 00:13:00 UTC,2.7,82,H
2016-06-17 05:20:00 UTC,1.0,30,L
2016-06-17 11:33:00 UTC,4.0,122,H
2016-06-17 19:02:00 UTC,-0.1,-3,L
2016-06-18 01:04:00 UTC,2.8,85,H
2016-06-18 06:00:00 UTC,1.1,34,L
2016-06-18 11:59:00 UTC,4.1,125,H
2016-06-18 19:43:00 UTC,-0.2,-6,L
2016-06-19 01:53:00 UTC,3.0,91,H
2016-06-19 06:41:00 UTC,1.3,40,L
2016-06-19 12:25:00 UTC,4.2,128,H
2016-06-19 20:22:00 UTC,-0.2,-6,L
2016-06-20 02:38:00 UTC,3.1,94,H
2016-06-20 07:23:00 UTC,1.4,43,L
2016-06-20 12:56:00 UTC,4.2,128,H
2016-06-20 20:58:00 UTC,-0.2,-6,L
2016-06-21 03:22:00 UTC,3.1,94,H
2016-06-21 08:07:00 UTC,1.4,43,L
2016-06-21 13:32:00 UTC,4.3,131,H
2016-06-21 21:32:00 UTC,-0.2,-6,L
2016-06-22 04:03:00 UTC,3.2,98,H
2016-06-22 08:52:00 UTC,1.4,43,L
2016-06-22 14:12:00 UTC,4.2,128,H
2016-06-22 22:04:00 UTC,-0.3,-9,L
2016-06-23 04:42:00 UTC,3.2,98,H
2016-06-23 09:39:00 UTC,1.3,40,L
2016-06-23 14:56:00 UTC,4.1,125,H
2016-06-23 22:37:00 UTC,-0.3,-9,L
2016-06-24 05:21:00 UTC,3.2,98,H
2016-06-24 10:29:00 UTC,1.2,37,L
2016-06-24 15:45:00 UTC,3.9,119,H
2016-06-24 23:12:00 UTC,-0.3,-9,L
2016-06-25 06:01:00 UTC,3.3,101,H
2016-06-25 11:25:00 UTC,1.1,34,L
2016-06-25 16:38:00 UTC,3.6,110,H
2016-06-25 23:51:00 UTC,-0.2,-6,L
2016-06-26 06:43:00 UTC,3.4,104,H
2016-06-26 12:28:00 UTC,1.0,30,L
2016-06-26 17:40:00 UTC,3.3,101,H
2016-06-27 00:36:00 UTC,-0.1,-3,L
2016-06-27 07:28:00 UTC,3.5,107,H
2016-06-27 13:40:00 UTC,0.8,24,L
2016-06-27 18:57:00 UTC,3.0,91,H
2016-06-28 01:26:00 UTC,0.1,3,L
2016-06-28 08:15:00 UTC,3.6,110,H
2016-06-28 14:55:00 UTC,0.6,18,L
2016-06-28 20:27:00 UTC,2.8,85,H
2016-06-29 02:21:00 UTC,0.3,9,L
2016-06-29 09:03:00 UTC,3.9,119,H
2016-06-29 16:07:00 UTC,0.3,9,L
2016-06-29 21:51:00 UTC,2.7,82,H
2016-06-30 03:19:00 UTC,0.5,15,L
2016-06-30 09:50:00 UTC,4.1,125,H
2016-06-30 17:12:00 UTC,0.1,3,L
2016-06-30 23:04:00 UTC,2.8,85,H
2016-07-01 04:18:00 UTC,0.8,24,L
2016-07-01 10:36:00 UTC,4.3,131,H
2016-07-01 18:10:00 UTC,-0.2,-6,L
2016-07-02 00:08:00 UTC,3.0,91,H
2016-07-02 05:16:00 UTC,0.9,27,L
2016-07-02 11:22:00 UTC,4.5,137,H
2016-07-02 19:03:00 UTC,-0.3,-9,L
2016-07-03 01:07:00 UTC,3.2,98,H
2016-07-03 06:13:00 UTC,1.1,34,L
2016-07-03 12:07:00 UTC,4.6,140,H
2016-07-03 19:53:00 UTC,-0.4,-12,L
2016-07-04 02:02:00 UTC,3.3,101,H
2016-07-04 07:09:00 UTC,1.2,37,L
2016-07-04 12:53:00 UTC,4.6,140,H
2016-07-04 20:40:00 UTC,-0.4,-12,L
2016-07-05 02:53:00 UTC,3.5,107,H
2016-07-05 08:04:00 UTC,1.2,37,L
2016-07-05 13:39:00 UTC,4.5,137,H
2016-07-05 21:25:00 UTC,-0.4,-12,L
2016-07-06 03:43:00 UTC,3.5,107,H
2016-07-06 08:58:00 UTC,1.2,37,L
2016-07-06 14:26:00 UTC,4.3,131,H
2016-07-06 22:06:00 UTC,-0.3,-9,L
2016-07-07 04:30:00 UTC,3.6,110,H
2016-07-07 09:51:00 UTC,1.2,37,L
2016-07-07 15:13:00 UTC,4.0,122,H
2016-07-07 22:45:00 UTC,-0.3,-9,L
2016-07-08 05:15:00 UTC,3.6,110,H
2016-07-08 10:45:00 UTC,1.2,37,L
2016-07-08 16:02:00 UTC,3.7,113,H
2016-07-08 23:22:00 UTC,-0.1,-3,L
2016-07-09 05:59:00 UTC,3.6,110,H
2016-07-09 11:41:00 UTC,1.1,34,L
2016-07-09 16:55:00 UTC,3.4,104,H
2016-07-09 23:58:00 UTC,0.0,0,L
2016-07-10 06:42:00 UTC,3.6,110,H
2016-07-10 12:40:00 UTC,1.0,30,L
2016-07-10 17:57:00 UTC,3.0,91,H
2016-07-11 00:35:00 UTC,0.2,6,L
2016-07-11 07:26:00 UTC,3.6,110,H
2016-07-11 13:46:00 UTC,0.9,27,L
2016-07-11 19:13:00 UTC,2.7,82,H
2016-07-12 01:16:00 UTC,0.5,15,L
2016-07-12 08:10:00 UTC,3.6,110,H
2016-07-12 14:54:00 UTC,0.7,21,L
2016-07-12 20:33:00 UTC,2.5,76,H
2016-07-13 02:01:00 UTC,0.7,21,L
2016-07-13 08:53:00 UTC,3.7,113,H
2016-07-13 16:00:00 UTC,0.6,18,L
2016-07-13 21:48:00 UTC,2.5,76,H
2016-07-14 02:52:00 UTC,0.9,27,L
2016-07-14 09:34:00 UTC,3.8,116,H
2016-07-14 17:00:00 UTC,0.4,12,L
2016-07-14 22:53:00 UTC,2.6,79,H
2016-07-15 03:45:00 UTC,1.1,34,L
2016-07-15 10:12:00 UTC,3.9,119,H
2016-07-15 17:51:00 UTC,0.2,6,L
2016-07-15 23:51:00 UTC,2.8,85,H
2016-07-16 04:37:00 UTC,1.3,40,L
2016-07-16 10:47:00 UTC,4.0,122,H
2016-07-16 18:37:00 UTC,0.1,3,L
2016-07-17 00:43:00 UTC,3.0,91,H
2016-07-17 05:28:00 UTC,1.4,43,L
2016-07-17 11:22:00 UTC,4.2,128,H
2016-07-17 19:19:00 UTC,0.0,0,L
2016-07-18 01:30:00 UTC,3.1,94,H
2016-07-18 06:17:00 UTC,1.4,43,L
2016-07-18 11:58:00 UTC,4.3,131,H
2016-07-18 19:57:00 UTC,-0.1,-3,L
2016-07-19 02:14:00 UTC,3.2,98,H
2016-07-19 07:05:00 UTC,1.5,46,L
2016-07-19 12:37:00 UTC,4.4,134,H
2016-07-19 20:33:00 UTC,-0.1,-3,L
2016-07-20 02:54:00 UTC,3.3,101,H
2016-07-20 07:52:00 UTC,1.4,43,L
2016-07-20 13:19:00 UTC,4.4,134,H
2016-07-20 21:06:00 UTC,-0.2,-6,L
2016-07-21 03:31:00 UTC,3.4,104,H
2016-07-21 08:39:00 UTC,1.3,40,L
2016-07-21 14:03:00 UTC,4.3,131,H
2016-07-21 21:39:00 UTC,-0.2,-6,L
2016-07-22 04:06:00 UTC,3.5,107,H
2016-07-22 09:27:00 UTC,1.2,37,L
2016-07-22 14:50:00 UTC,4.2,128,H
2016-07-22 22:12:00 UTC,-0.2,-6,L
2016-07-23 04:40:00 UTC,3.5,107,H
2016-07-23 10:17:00 UTC,1.1,34,L
2016-07-23 15:41:00 UTC,4.0,122,H
2016-07-23 22:46:00 UTC,-0.1,-3,L
2016-07-24 05:15:00 UTC,3.6,110,H
2016-07-24 11:11:00 UTC,0.9,27,L
2016-07-24 16:36:00 UTC,3.7,113,H
2016-07-24 23:24:00 UTC,0.0,0,L
2016-07-25 05:54:00 UTC,3.7,113,H
2016-07-25 12:13:00 UTC,0.8,24,L
2016-07-25 17:40:00 UTC,3.3,101,H
2016-07-26 00:07:00 UTC,0.2,6,L
2016-07-26 06:38:00 UTC,3.8,116,H
2016-07-26 13:23:00 UTC,0.7,21,L
2016-07-26 18:58:00 UTC,3.0,91,H
2016-07-27 00:56:00 UTC,0.4,12,L
2016-07-27 07:28:00 UTC,3.9,119,H
2016-07-27 14:39:00 UTC,0.5,15,L
2016-07-27 20:26:00 UTC,2.8,85,H
2016-07-28 01:53:00 UTC,0.6,18,L
2016-07-28 08:23:00 UTC,4.1,125,H
2016-07-28 15:53:00 UTC,0.3,9,L
2016-07-28 21:47:00 UTC,2.8,85,H
2016-07-29 02:56:00 UTC,0.9,27,L
2016-07-29 09:20:00 UTC,4.2,128,H
2016-07-29 17:00:00 UTC,0.1,3,L
2016-07-29 22:58:00 UTC,3.0,91,H
2016-07-30 04:03:00 UTC,1.0,30,L
2016-07-30 10:16:00 UTC,4.3,131,H
2016-07-30 17:58:00 UTC,-0.1,-3,L
2016-07-30 23:59:00 UTC,3.2,98,H
2016-07-31 05:07:00 UTC,1.1,34,L
2016-07-31 11:08:00 UTC,4.4,134,H
2016-07-31 18:50:00 UTC,-0.2,-6,L
2016-08-01 00:54:00 UTC,3.4,104,H
2016-08-01 06:06:00 UTC,1.2,37,L
2016-08-01 11:58:00 UTC,4.5,137,H
2016-08-01 19:37:00 UTC,-0.2,-6,L
2016-08-02 01:44:00 UTC,3.5,107,H
2016-08-02 07:02:00 UTC,1.2,37,L
2016-08-02 12:46:00 UTC,4.4,134,H
2016-08-02 20:21:00 UTC,-0.2,-6,L
2016-08-03 02:31:00 UTC,3.6,110,H
2016-08-03 07:55:00 UTC,1.2,37,L
2016-08-03 13:32:00 UTC,4.3,131,H
2016-08-03 21:00:00 UTC,-0.2,-6,L
2016-08-04 03:14:00 UTC,3.7,113,H
2016-08-04 08:46:00 UTC,1.1,34,L
2016-08-04 14:18:00 UTC,4.2,128,H
2016-08-04 21:37:00 UTC,-0.1,-3,L
2016-08-05 03:55:00 UTC,3.7,113,H
2016-08-05 09:34:00 UTC,1.1,34,L
2016-08-05 15:03:00 UTC,4.0,122,H
2016-08-05 22:10:00 UTC,0.0,0,L
2016-08-06 04:32:00 UTC,3.7,113,H
2016-08-06 10:22:00 UTC,1.0,30,L
2016-08-06 15:49:00 UTC,3.7,113,H
2016-08-06 22:40:00 UTC,0.2,6,L
2016-08-07 05:07:00 UTC,3.7,113,H
2016-08-07 11:11:00 UTC,1.0,30,L
2016-08-07 16:38:00 UTC,3.4,104,H
2016-08-07 23:10:00 UTC,0.3,9,L
2016-08-08 05:41:00 UTC,3.6,110,H
2016-08-08 12:04:00 UTC,0.9,27,L
2016-08-08 17:35:00 UTC,3.1,94,H
2016-08-08 23:42:00 UTC,0.5,15,L
2016-08-09 06:14:00 UTC,3.6,110,H
2016-08-09 13:02:00 UTC,0.9,27,L
2016-08-09 18:44:00 UTC,2.8,85,H
2016-08-10 00:19:00 UTC,0.7,21,L
2016-08-10 06:50:00 UTC,3.6,110,H
2016-08-10 14:09:00 UTC,0.8,24,L
2016-08-10 20:03:00 UTC,2.6,79,H
2016-08-11 01:05:00 UTC,1.0,30,L
2016-08-11 07:33:00 UTC,3.6,110,H
2016-08-11 15:18:00 UTC,0.7,21,L
2016-08-11 21:20:00 UTC,2.6,79,H
2016-08-12 02:00:00 UTC,1.2,37,L
2016-08-12 08:21:00 UTC,3.7,113,H
2016-08-12 16:22:00 UTC,0.5,15,L
2016-08-12 22:27:00 UTC,2.7,82,H
2016-08-13 03:03:00 UTC,1.3,40,L
2016-08-13 09:13:00 UTC,3.8,116,H
2016-08-13 17:17:00 UTC,0.3,9,L
2016-08-13 23:25:00 UTC,2.9,88,H
2016-08-14 04:06:00 UTC,1.4,43,L
2016-08-14 10:04:00 UTC,3.9,119,H
2016-08-14 18:04:00 UTC,0.2,6,L
2016-08-15 00:14:00 UTC,3.1,94,H
2016-08-15 05:05:00 UTC,1.4,43,L
2016-08-15 10:52:00 UTC,4.1,125,H
2016-08-15 18:46:00 UTC,0.1,3,L
2016-08-16 00:58:00 UTC,3.2,98,H
2016-08-16 05:58:00 UTC,1.4,43,L
2016-08-16 11:38:00 UTC,4.2,128,H
2016-08-16 19:24:00 UTC,0.0,0,L
2016-08-17 01:38:00 UTC,3.4,104,H
2016-08-17 06:48:00 UTC,1.3,40,L
2016-08-17 12:24:00 UTC,4.3,131,H
2016-08-17 19:59:00 UTC,0.0,0,L
2016-08-18 02:14:00 UTC,3.5,107,H
2016-08-18 07:36:00 UTC,1.2,37,L
2016-08-18 13:11:00 UTC,4.3,131,H
2016-08-18 20:33:00 UTC,0.0,0,L
2016-08-19 02:48:00 UTC,3.6,110,H
2016-08-19 08:24:00 UTC,1.0,30,L
2016-08-19 13:58:00 UTC,4.3,131,H
2016-08-19 21:07:00 UTC,0.0,0,L
2016-08-20 03:20:00 UTC,3.7,113,H
2016-08-20 09:13:00 UTC,0.8,24,L
2016-08-20 14:48:00 UTC,4.1,125,H
2016-08-20 21:41:00 UTC,0.0,0,L
2016-08-21 03:52:00 UTC,3.8,116,H
2016-08-21 10:03:00 UTC,0.7,21,L
2016-08-21 15:41:00 UTC,3.9,119,H
2016-08-21 22:17:00 UTC,0.1,3,L
2016-08-22 04:27:00 UTC,3.9,119,H
2016-08-22 10:57:00 UTC,0.6,18,L
2016-08-22 16:39:00 UTC,3.6,110,H
2016-08-22 22:57:00 UTC,0.3,9,L
2016-08-23 05:06:00 UTC,4.0,122,H
2016-08-23 11:58:00 UTC,0.5,15,L
2016-08-23 17:46:00 UTC,3.3,101,H
2016-08-23 23:42:00 UTC,0.5,15,L
2016-08-24 05:52:00 UTC,4.0,122,H
2016-08-24 13:07:00 UTC,0.4,12,L
2016-08-24 19:04:00 UTC,3.1,94,H
2016-08-25 00:35:00 UTC,0.7,21,L
2016-08-25 06:46:00 UTC,4.0,122,H
2016-08-25 14:22:00 UTC,0.4,12,L
2016-08-25 20:26:00 UTC,2.9,88,H
2016-08-26 01:37:00 UTC,0.9,27,L
2016-08-26 07:50:00 UTC,4.0,122,H
2016-08-26 15:36:00 UTC,0.2,6,L
2016-08-26 21:41:00 UTC,3.0,91,H
2016-08-27 02:48:00 UTC,1.1,34,L
2016-08-27 08:59:00 UTC,4.0,122,H
2016-08-27 16:42:00 UTC,0.1,3,L
2016-08-27 22:46:00 UTC,3.2,98,H
2016-08-28 04:00:00 UTC,1.1,34,L
2016-08-28 10:04:00 UTC,4.1,125,H
2016-08-28 17:39:00 UTC,-0.1,-3,L
2016-08-28 23:43:00 UTC,3.4,104,H
2016-08-29 05:05:00 UTC,1.1,34,L
2016-08-29 11:02:00 UTC,4.1,125,H
2016-08-29 18:29:00 UTC,-0.1,-3,L
2016-08-30 00:33:00 UTC,3.5,107,H
2016-08-30 06:04:00 UTC,1.0,30,L
2016-08-30 11:55:00 UTC,4.1,125,H
2016-08-30 19:13:00 UTC,-0.1,-3,L
2016-08-31 01:18:00 UTC,3.7,113,H
2016-08-31 06:57:00 UTC,0.9,27,L
2016-08-31 12:43:00 UTC,4.1,125,H
2016-08-31 19:53:00 UTC,0.0,0,L
2016-09-01 01:59:00 UTC,3.7,113,H
2016-09-01 07:46:00 UTC,0.9,27,L
2016-09-01 13:28:00 UTC,4.0,122,H
2016-09-01 20:28:00 UTC,0.1,3,L
2016-09-02 02:37:00 UTC,3.8,116,H
2016-09-02 08:32:00 UTC,0.8,24,L
2016-09-02 14:12:00 UTC,3.9,119,H
2016-09-02 21:01:00 UTC,0.2,6,L
2016-09-03 03:11:00 UTC,3.7,113,H
2016-09-03 09:16:00 UTC,0.8,24,L
2016-09-03 14:55:00 UTC,3.7,113,H
2016-09-03 21:30:00 UTC,0.3,9,L
2016-09-04 03:40:00 UTC,3.7,113,H
2016-09-04 09:59:00 UTC,0.7,21,L
2016-09-04 15:39:00 UTC,3.5,107,H
2016-09-04 21:57:00 UTC,0.5,15,L
2016-09-05 04:05:00 UTC,3.7,113,H
2016-09-05 10:42:00 UTC,0.7,21,L
2016-09-05 16:27:00 UTC,3.3,101,H
2016-09-05 22:25:00 UTC,0.6,18,L
2016-09-06 04:28:00 UTC,3.7,113,H
2016-09-06 11:27:00 UTC,0.7,21,L
2016-09-06 17:21:00 UTC,3.0,91,H
2016-09-06 22:57:00 UTC,0.8,24,L
2016-09-07 04:54:00 UTC,3.7,113,H
2016-09-07 12:17:00 UTC,0.6,18,L
2016-09-07 18:25:00 UTC,2.8,85,H
2016-09-07 23:36:00 UTC,1.0,30,L
2016-09-08 05:28:00 UTC,3.6,110,H
2016-09-08 13:17:00 UTC,0.6,18,L
2016-09-08 19:39:00 UTC,2.7,82,H
2016-09-09 00:24:00 UTC,1.2,37,L
2016-09-09 06:13:00 UTC,3.6,110,H
2016-09-09 14:25:00 UTC,0.6,18,L
2016-09-09 20:52:00 UTC,2.7,82,H
2016-09-10 01:24:00 UTC,1.3,40,L
2016-09-10 07:09:00 UTC,3.5,107,H
2016-09-10 15:33:00 UTC,0.5,15,L
2016-09-10 21:57:00 UTC,2.8,85,H
2016-09-11 02:34:00 UTC,1.4,43,L
2016-09-11 08:16:00 UTC,3.6,110,H
2016-09-11 16:31:00 UTC,0.3,9,L
2016-09-11 22:51:00 UTC,3.0,91,H
2016-09-12 03:44:00 UTC,1.3,40,L
2016-09-12 09:25:00 UTC,3.6,110,H
2016-09-12 17:20:00 UTC,0.2,6,L
2016-09-12 23:38:00 UTC,3.1,94,H
2016-09-13 04:46:00 UTC,1.2,37,L
2016-09-13 10:26:00 UTC,3.8,116,H
2016-09-13 18:03:00 UTC,0.1,3,L
2016-09-14 00:18:00 UTC,3.3,101,H
2016-09-14 05:41:00 UTC,1.1,34,L
2016-09-14 11:21:00 UTC,3.9,119,H
2016-09-14 18:41:00 UTC,0.1,3,L
2016-09-15 00:54:00 UTC,3.4,104,H
2016-09-15 06:32:00 UTC,0.9,27,L
2016-09-15 12:13:00 UTC,4.0,122,H
2016-09-15 19:18:00 UTC,0.1,3,L
2016-09-16 01:27:00 UTC,3.6,110,H
2016-09-16 07:21:00 UTC,0.7,21,L
2016-09-16 13:03:00 UTC,4.0,122,H
2016-09-16 19:54:00 UTC,0.1,3,L
2016-09-17 01:59:00 UTC,3.7,113,H
2016-09-17 08:09:00 UTC,0.5,15,L
2016-09-17 13:55:00 UTC,4.0,122,H
2016-09-17 20:30:00 UTC,0.2,6,L
2016-09-18 02:30:00 UTC,3.9,119,H
2016-09-18 08:59:00 UTC,0.3,9,L
2016-09-18 14:48:00 UTC,3.9,119,H
2016-09-18 21:08:00 UTC,0.3,9,L
2016-09-19 03:04:00 UTC,4.0,122,H
2016-09-19 09:50:00 UTC,0.2,6,L
2016-09-19 15:44:00 UTC,3.7,113,H
2016-09-19 21:48:00 UTC,0.4,12,L
2016-09-20 03:42:00 UTC,4.1,125,H
2016-09-20 10:45:00 UTC,0.1,3,L
2016-09-20 16:44:00 UTC,3.5,107,H
2016-09-20 22:32:00 UTC,0.6,18,L
2016-09-21 04:24:00 UTC,4.1,125,H
2016-09-21 11:44:00 UTC,0.1,3,L
2016-09-21 17:52:00 UTC,3.2,98,H
2016-09-21 23:22:00 UTC,0.7,21,L
2016-09-22 05:13:00 UTC,4.0,122,H
2016-09-22 12:50:00 UTC,0.1,3,L
2016-09-22 19:05:00 UTC,3.1,94,H
2016-09-23 00:21:00 UTC,0.9,27,L
2016-09-23 06:11:00 UTC,3.9,119,H
2016-09-23 14:02:00 UTC,0.1,3,L
2016-09-23 20:19:00 UTC,3.1,94,H
2016-09-24 01:31:00 UTC,1.0,30,L
2016-09-24 07:23:00 UTC,3.7,113,H
2016-09-24 15:12:00 UTC,0.1,3,L
2016-09-24 21:27:00 UTC,3.1,94,H
2016-09-25 02:46:00 UTC,1.0,30,L
2016-09-25 08:43:00 UTC,3.6,110,H
2016-09-25 16:16:00 UTC,0.0,0,L
2016-09-25 22:27:00 UTC,3.3,101,H
2016-09-26 03:58:00 UTC,1.0,30,L
2016-09-26 09:54:00 UTC,3.6,110,H
2016-09-26 17:11:00 UTC,-0.1,-3,L
2016-09-26 23:19:00 UTC,3.5,107,H
2016-09-27 05:02:00 UTC,0.8,24,L
2016-09-27 10:56:00 UTC,3.6,110,H
2016-09-27 17:58:00 UTC,-0.1,-3,L
2016-09-28 00:05:00 UTC,3.6,110,H
2016-09-28 05:58:00 UTC,0.6,18,L
2016-09-28 11:49:00 UTC,3.6,110,H
2016-09-28 18:40:00 UTC,0.0,0,L
2016-09-29 00:46:00 UTC,3.7,113,H
2016-09-29 06:48:00 UTC,0.5,15,L
2016-09-29 12:36:00 UTC,3.6,110,H
2016-09-29 19:17:00 UTC,0.1,3,L
2016-09-30 01:23:00 UTC,3.8,116,H
2016-09-30 07:34:00 UTC,0.4,12,L
2016-09-30 13:22:00 UTC,3.6,110,H
2016-09-30 19:50:00 UTC,0.3,9,L
2016-10-01 01:55:00 UTC,3.8,116,H
2016-10-01 08:18:00 UTC,0.4,12,L
2016-10-01 14:06:00 UTC,3.5,107,H
2016-10-01 20:20:00 UTC,0.5,15,L
2016-10-02 02:22:00 UTC,3.7,113,H
2016-10-02 08:59:00 UTC,0.4,12,L
2016-10-02 14:49:00 UTC,3.3,101,H
2016-10-02 20:48:00 UTC,0.6,18,L
2016-10-03 02:44:00 UTC,3.7,113,H
2016-10-03 09:38:00 UTC,0.3,9,L
2016-10-03 15:34:00 UTC,3.2,98,H
2016-10-03 21:15:00 UTC,0.8,24,L
2016-10-04 03:03:00 UTC,3.7,113,H
2016-10-04 10:17:00 UTC,0.3,9,L
2016-10-04 16:22:00 UTC,3.1,94,H
2016-10-04 21:46:00 UTC,0.9,27,L
2016-10-05 03:26:00 UTC,3.7,113,H
2016-10-05 10:56:00 UTC,0.3,9,L
2016-10-05 17:14:00 UTC,2.9,88,H
2016-10-05 22:21:00 UTC,1.0,30,L
2016-10-06 03:56:00 UTC,3.7,113,H
2016-10-06 11:38:00 UTC,0.3,9,L
2016-10-06 18:12:00 UTC,2.8,85,H
2016-10-06 23:04:00 UTC,1.1,34,L
2016-10-07 04:34:00 UTC,3.6,110,H
2016-10-07 12:27:00 UTC,0.3,9,L
2016-10-07 19:17:00 UTC,2.7,82,H
2016-10-07 23:55:00 UTC,1.2,37,L
2016-10-08 05:21:00 UTC,3.5,107,H
2016-10-08 13:27:00 UTC,0.3,9,L
2016-10-08 20:22:00 UTC,2.7,82,H
2016-10-09 00:59:00 UTC,1.3,40,L
2016-10-09 06:19:00 UTC,3.4,104,H
2016-10-09 14:32:00 UTC,0.3,9,L
2016-10-09 21:21:00 UTC,2.8,85,H
2016-10-10 02:12:00 UTC,1.3,40,L
2016-10-10 07:31:00 UTC,3.3,101,H
2016-10-10 15:33:00 UTC,0.2,6,L
2016-10-10 22:12:00 UTC,3.0,91,H
2016-10-11 03:24:00 UTC,1.1,34,L
2016-10-11 08:51:00 UTC,3.2,98,H
2016-10-11 16:25:00 UTC,0.1,3,L
2016-10-11 22:55:00 UTC,3.1,94,H
2016-10-12 04:28:00 UTC,0.9,27,L
2016-10-12 10:03:00 UTC,3.3,101,H
2016-10-12 17:11:00 UTC,0.1,3,L
2016-10-12 23:33:00 UTC,3.3,101,H
2016-10-13 05:24:00 UTC,0.7,21,L
2016-10-13 11:05:00 UTC,3.5,107,H
2016-10-13 17:52:00 UTC,0.1,3,L
2016-10-14 00:06:00 UTC,3.5,107,H
2016-10-14 06:16:00 UTC,0.4,12,L
2016-10-14 12:02:00 UTC,3.6,110,H
2016-10-14 18:32:00 UTC,0.2,6,L
2016-10-15 00:38:00 UTC,3.7,113,H
2016-10-15 07:06:00 UTC,0.2,6,L
2016-10-15 12:57:00 UTC,3.6,110,H
2016-10-15 19:11:00 UTC,0.3,9,L
2016-10-16 01:11:00 UTC,3.9,119,H
2016-10-16 07:56:00 UTC,0.0,0,L
2016-10-16 13:51:00 UTC,3.6,110,H
2016-10-16 19:52:00 UTC,0.4,12,L
2016-10-17 01:45:00 UTC,4.1,125,H
2016-10-17 08:47:00 UTC,-0.1,-3,L
2016-10-17 14:48:00 UTC,3.5,107,H
2016-10-17 20:35:00 UTC,0.5,15,L
2016-10-18 02:23:00 UTC,4.2,128,H
2016-10-18 09:39:00 UTC,-0.2,-6,L
2016-10-18 15:46:00 UTC,3.4,104,H
2016-10-18 21:21:00 UTC,0.7,21,L
2016-10-19 03:04:00 UTC,4.2,128,H
2016-10-19 10:33:00 UTC,-0.3,-9,L
2016-10-19 16:47:00 UTC,3.3,101,H
2016-10-19 22:11:00 UTC,0.8,24,L
2016-10-20 03:50:00 UTC,4.2,128,H
2016-10-20 11:30:00 UTC,-0.3,-9,L
2016-10-20 17:51:00 UTC,3.2,98,H
2016-10-20 23:07:00 UTC,0.9,27,L
2016-10-21 04:42:00 UTC,3.9,119,H
2016-10-21 12:31:00 UTC,-0.2,-6,L
2016-10-21 18:58:00 UTC,3.1,94,H
2016-10-22 00:11:00 UTC,1.0,30,L
2016-10-22 05:43:00 UTC,3.7,113,H
2016-10-22 13:35:00 UTC,-0.1,-3,L
2016-10-22 20:03:00 UTC,3.2,98,H
2016-10-23 01:24:00 UTC,1.0,30,L
2016-10-23 07:00:00 UTC,3.4,104,H
2016-10-23 14:39:00 UTC,-0.1,-3,L
2016-10-23 21:05:00 UTC,3.3,101,H
2016-10-24 02:39:00 UTC,0.9,27,L
2016-10-24 08:24:00 UTC,3.2,98,H
2016-10-24 15:39:00 UTC,-0.1,-3,L
2016-10-24 22:00:00 UTC,3.4,104,H
2016-10-25 03:50:00 UTC,0.7,21,L
2016-10-25 09:39:00 UTC,3.1,94,H
2016-10-25 16:32:00 UTC,0.0,0,L
2016-10-25 22:49:00 UTC,3.6,110,H
2016-10-26 04:52:00 UTC,0.5,15,L
2016-10-26 10:42:00 UTC,3.1,94,H
2016-10-26 17:18:00 UTC,0.0,0,L
2016-10-26 23:32:00 UTC,3.7,113,H
2016-10-27 05:47:00 UTC,0.3,9,L
2016-10-27 11:37:00 UTC,3.1,94,H
2016-10-27 17:59:00 UTC,0.2,6,L
2016-10-28 00:10:00 UTC,3.7,113,H
2016-10-28 06:36:00 UTC,0.1,3,L
2016-10-28 12:26:00 UTC,3.1,94,H
2016-10-28 18:35:00 UTC,0.3,9,L
2016-10-29 00:43:00 UTC,3.8,116,H
2016-10-29 07:21:00 UTC,0.1,3,L
2016-10-29 13:13:00 UTC,3.1,94,H
2016-10-29 19:08:00 UTC,0.5,15,L
2016-10-30 01:11:00 UTC,3.8,116,H
2016-10-30 08:03:00 UTC,0.0,0,L
2016-10-30 13:59:00 UTC,3.1,94,H
2016-10-30 19:39:00 UTC,0.7,21,L
2016-10-31 01:34:00 UTC,3.8,116,H
2016-10-31 08:43:00 UTC,0.0,0,L
2016-10-31 14:45:00 UTC,3.1,94,H
2016-10-31 20:09:00 UTC,0.9,27,L
2016-11-01 01:52:00 UTC,3.8,116,H
2016-11-01 09:21:00 UTC,0.0,0,L
2016-11-01 15:31:00 UTC,3.0,91,H
2016-11-01 20:40:00 UTC,1.0,30,L
2016-11-02 02:14:00 UTC,3.8,116,H
2016-11-02 09:57:00 UTC,0.0,0,L
2016-11-02 16:17:00 UTC,3.0,91,H
2016-11-02 21:15:00 UTC,1.1,34,L
2016-11-03 02:42:00 UTC,3.8,116,H
2016-11-03 10:31:00 UTC,0.0,0,L
2016-11-03 17:06:00 UTC,2.9,88,H
2016-11-03 21:55:00 UTC,1.2,37,L
2016-11-04 03:18:00 UTC,3.8,116,H
2016-11-04 11:07:00 UTC,0.0,0,L
2016-11-04 17:57:00 UTC,2.8,85,H
2016-11-04 22:41:00 UTC,1.2,37,L
2016-11-05 03:59:00 UTC,3.7,113,H
2016-11-05 11:48:00 UTC,0.0,0,L
2016-11-05 18:51:00 UTC,2.8,85,H
2016-11-05 23:34:00 UTC,1.3,40,L
2016-11-06 04:48:00 UTC,3.5,107,H
2016-11-06 12:35:00 UTC,0.0,0,L
2016-11-06 19:46:00 UTC,2.8,85,H
2016-11-07 00:38:00 UTC,1.2,37,L
2016-11-07 05:46:00 UTC,3.2,98,H
2016-11-07 13:30:00 UTC,0.0,0,L
2016-11-07 20:38:00 UTC,2.9,88,H
2016-11-08 01:49:00 UTC,1.1,34,L
2016-11-08 06:57:00 UTC,3.0,91,H
2016-11-08 14:28:00 UTC,0.1,3,L
2016-11-08 21:25:00 UTC,3.0,91,H
2016-11-09 03:02:00 UTC,0.9,27,L
2016-11-09 08:21:00 UTC,2.9,88,H
2016-11-09 15:24:00 UTC,0.1,3,L
2016-11-09 22:07:00 UTC,3.2,98,H
2016-11-10 04:09:00 UTC,0.7,21,L
2016-11-10 09:42:00 UTC,3.0,91,H
2016-11-10 16:14:00 UTC,0.1,3,L
2016-11-10 22:44:00 UTC,3.5,107,H
2016-11-11 05:08:00 UTC,0.4,12,L
2016-11-11 10:51:00 UTC,3.1,94,H
2016-11-11 17:01:00 UTC,0.2,6,L
2016-11-11 23:19:00 UTC,3.7,113,H
2016-11-12 06:02:00 UTC,0.1,3,L
2016-11-12 11:53:00 UTC,3.2,98,H
2016-11-12 17:47:00 UTC,0.3,9,L
2016-11-12 23:54:00 UTC,4.0,122,H
2016-11-13 06:55:00 UTC,-0.1,-3,L
2016-11-13 12:51:00 UTC,3.3,101,H
2016-11-13 18:32:00 UTC,0.5,15,L
2016-11-14 00:30:00 UTC,4.2,128,H
2016-11-14 07:46:00 UTC,-0.3,-9,L
2016-11-14 13:49:00 UTC,3.3,101,H
2016-11-14 19:19:00 UTC,0.7,21,L
2016-11-15 01:09:00 UTC,4.4,134,H
2016-11-15 08:37:00 UTC,-0.5,-15,L
2016-11-15 14:46:00 UTC,3.3,101,H
2016-11-15 20:08:00 UTC,0.8,24,L
2016-11-16 01:51:00 UTC,4.4,134,H
2016-11-16 09:29:00 UTC,-0.5,-15,L
2016-11-16 15:44:00 UTC,3.3,101,H
2016-11-16 21:00:00 UTC,0.9,27,L
2016-11-17 02:36:00 UTC,4.4,134,H
2016-11-17 10:21:00 UTC,-0.5,-15,L
2016-11-17 16:42:00 UTC,3.3,101,H
2016-11-17 21:55:00 UTC,1.0,30,L
2016-11-18 03:25:00 UTC,4.2,128,H
2016-11-18 11:13:00 UTC,-0.5,-15,L
2016-11-18 17:40:00 UTC,3.3,101,H
2016-11-18 22:54:00 UTC,1.0,30,L
2016-11-19 04:19:00 UTC,3.9,119,H
2016-11-19 12:07:00 UTC,-0.4,-12,L
2016-11-19 18:39:00 UTC,3.3,101,H
2016-11-19 23:59:00 UTC,1.0,30,L
2016-11-20 05:21:00 UTC,3.5,107,H
2016-11-20 13:02:00 UTC,-0.3,-9,L
2016-11-20 19:37:00 UTC,3.3,101,H
2016-11-21 01:09:00 UTC,0.9,27,L
2016-11-21 06:35:00 UTC,3.2,98,H
2016-11-21 13:58:00 UTC,-0.1,-3,L
2016-11-21 20:33:00 UTC,3.4,104,H
2016-11-22 02:22:00 UTC,0.8,24,L
2016-11-22 07:58:00 UTC,2.9,88,H
2016-11-22 14:52:00 UTC,0.0,0,L
2016-11-22 21:25:00 UTC,3.5,107,H
2016-11-23 03:32:00 UTC,0.6,18,L
2016-11-23 09:15:00 UTC,2.8,85,H
2016-11-23 15:44:00 UTC,0.1,3,L
2016-11-23 22:13:00 UTC,3.6,110,H
2016-11-24 04:35:00 UTC,0.4,12,L
2016-11-24 10:22:00 UTC,2.7,82,H
2016-11-24 16:31:00 UTC,0.3,9,L
2016-11-24 22:55:00 UTC,3.7,113,H
2016-11-25 05:31:00 UTC,0.1,3,L
2016-11-25 11:20:00 UTC,2.8,85,H
2016-11-25 17:13:00 UTC,0.4,12,L
2016-11-25 23:31:00 UTC,3.8,116,H
2016-11-26 06:20:00 UTC,0.0,0,L
2016-11-26 12:13:00 UTC,2.9,88,H
2016-11-26 17:51:00 UTC,0.6,18,L
2016-11-27 00:03:00 UTC,3.8,116,H
2016-11-27 07:06:00 UTC,-0.1,-3,L
2016-11-27 13:03:00 UTC,2.9,88,H
2016-11-27 18:28:00 UTC,0.8,24,L
2016-11-28 00:29:00 UTC,3.9,119,H
2016-11-28 07:48:00 UTC,-0.2,-6,L
2016-11-28 13:51:00 UTC,3.0,91,H
2016-11-28 19:03:00 UTC,1.0,30,L
2016-11-29 00:51:00 UTC,3.9,119,H
2016-11-29 08:27:00 UTC,-0.2,-6,L
2016-11-29 14:37:00 UTC,3.0,91,H
2016-11-29 19:38:00 UTC,1.2,37,L
2016-11-30 01:13:00 UTC,4.0,122,H
2016-11-30 09:04:00 UTC,-0.2,-6,L
2016-11-30 15:23:00 UTC,3.1,94,H
2016-11-30 20:15:00 UTC,1.3,40,L
2016-12-01 01:41:00 UTC,4.0,122,H
2016-12-01 09:38:00 UTC,-0.1,-3,L
2016-12-01 16:06:00 UTC,3.1,94,H
2016-12-01 20:55:00 UTC,1.3,40,L
2016-12-02 02:14:00 UTC,4.0,122,H
2016-12-02 10:11:00 UTC,-0.2,-6,L
2016-12-02 16:49:00 UTC,3.0,91,H
2016-12-02 21:38:00 UTC,1.3,40,L
2016-12-03 02:54:00 UTC,3.9,119,H
2016-12-03 10:43:00 UTC,-0.2,-6,L
2016-12-03 17:32:00 UTC,3.0,91,H
2016-12-03 22:24:00 UTC,1.3,40,L
2016-12-04 03:38:00 UTC,3.8,116,H
2016-12-04 11:17:00 UTC,-0.2,-6,L
2016-12-04 18:15:00 UTC,3.0,91,H
2016-12-04 23:16:00 UTC,1.2,37,L
2016-12-05 04:27:00 UTC,3.5,107,H
2016-12-05 11:56:00 UTC,-0.1,-3,L
2016-12-05 19:00:00 UTC,3.0,91,H
2016-12-06 00:16:00 UTC,1.1,34,L
2016-12-06 05:24:00 UTC,3.3,101,H
2016-12-06 12:41:00 UTC,-0.1,-3,L
2016-12-06 19:46:00 UTC,3.1,94,H
2016-12-07 01:25:00 UTC,1.0,30,L
2016-12-07 06:34:00 UTC,3.0,91,H
2016-12-07 13:32:00 UTC,0.0,0,L
2016-12-07 20:31:00 UTC,3.2,98,H
2016-12-08 02:38:00 UTC,0.8,24,L
2016-12-08 07:59:00 UTC,2.8,85,H
2016-12-08 14:27:00 UTC,0.2,6,L
2016-12-08 21:15:00 UTC,3.5,107,H
2016-12-09 03:49:00 UTC,0.5,15,L
2016-12-09 09:26:00 UTC,2.8,85,H
2016-12-09 15:23:00 UTC,0.3,9,L
2016-12-09 21:57:00 UTC,3.7,113,H
2016-12-10 04:53:00 UTC,0.2,6,L
2016-12-10 10:41:00 UTC,2.8,85,H
2016-12-10 16:17:00 UTC,0.5,15,L
2016-12-10 22:37:00 UTC,4.0,122,H
2016-12-11 05:51:00 UTC,0.0,0,L
2016-12-11 11:47:00 UTC,3.0,91,H
2016-12-11 17:10:00 UTC,0.7,21,L
2016-12-11 23:18:00 UTC,4.3,131,H
2016-12-12 06:46:00 UTC,-0.3,-9,L
2016-12-12 12:47:00 UTC,3.1,94,H
2016-12-12 18:03:00 UTC,0.8,24,L
2016-12-13 00:00:00 UTC,4.5,137,H
2016-12-13 07:38:00 UTC,-0.4,-12,L
2016-12-13 13:44:00 UTC,3.3,101,H
2016-12-13 18:56:00 UTC,1.0,30,L
2016-12-14 00:44:00 UTC,4.6,140,H
2016-12-14 08:28:00 UTC,-0.5,-15,L
2016-12-14 14:40:00 UTC,3.4,104,H
2016-12-14 19:50:00 UTC,1.0,30,L
2016-12-15 01:31:00 UTC,4.6,140,H
2016-12-15 09:17:00 UTC,-0.5,-15,L
2016-12-15 15:33:00 UTC,3.4,104,H
2016-12-15 20:45:00 UTC,1.1,34,L
2016-12-16 02:19:00 UTC,4.4,134,H
2016-12-16 10:05:00 UTC,-0.5,-15,L
2016-12-16 16:26:00 UTC,3.5,107,H
2016-12-16 21:42:00 UTC,1.1,34,L
2016-12-17 03:09:00 UTC,4.2,128,H
2016-12-17 10:51:00 UTC,-0.4,-12,L
2016-12-17 17:17:00 UTC,3.5,107,H
2016-12-17 22:40:00 UTC,1.1,34,L
2016-12-18 04:02:00 UTC,3.9,119,H
2016-12-18 11:36:00 UTC,-0.3,-9,L
2016-12-18 18:08:00 UTC,3.5,107,H
2016-12-18 23:40:00 UTC,1.0,30,L
2016-12-19 05:01:00 UTC,3.5,107,H
2016-12-19 12:22:00 UTC,-0.2,-6,L
2016-12-19 19:00:00 UTC,3.5,107,H
2016-12-20 00:45:00 UTC,0.9,27,L
2016-12-20 06:08:00 UTC,3.1,94,H
2016-12-20 13:08:00 UTC,0.0,0,L
2016-12-20 19:51:00 UTC,3.5,107,H
2016-12-21 01:54:00 UTC,0.8,24,L
2016-12-21 07:27:00 UTC,2.8,85,H
2016-12-21 13:57:00 UTC,0.2,6,L
2016-12-21 20:41:00 UTC,3.6,110,H
2016-12-22 03:05:00 UTC,0.6,18,L
2016-12-22 08:46:00 UTC,2.6,79,H
2016-12-22 14:47:00 UTC,0.4,12,L
2016-12-22 21:28:00 UTC,3.6,110,H
2016-12-23 04:11:00 UTC,0.4,12,L
2016-12-23 09:57:00 UTC,2.6,79,H
2016-12-23 15:36:00 UTC,0.6,18,L
2016-12-23 22:11:00 UTC,3.7,113,H
2016-12-24 05:10:00 UTC,0.2,6,L
2016-12-24 11:01:00 UTC,2.7,82,H
2016-12-24 16:24:00 UTC,0.8,24,L
2016-12-24 22:49:00 UTC,3.8,116,H
2016-12-25 06:01:00 UTC,0.0,0,L
2016-12-25 11:57:00 UTC,2.8,85,H
2016-12-25 17:10:00 UTC,1.0,30,L
2016-12-25 23:22:00 UTC,3.9,119,H
2016-12-26 06:47:00 UTC,-0.1,-3,L
2016-12-26 12:49:00 UTC,3.0,91,H
2016-12-26 17:53:00 UTC,1.2,37,L
2016-12-26 23:51:00 UTC,4.0,122,H
2016-12-27 07:29:00 UTC,-0.1,-3,L
2016-12-27 13:37:00 UTC,3.1,94,H
2016-12-27 18:35:00 UTC,1.3,40,L
2016-12-28 00:18:00 UTC,4.1,125,H
2016-12-28 08:08:00 UTC,-0.1,-3,L
2016-12-28 14:22:00 UTC,3.2,98,H
2016-12-28 19:17:00 UTC,1.4,43,L
2016-12-29 00:48:00 UTC,4.1,125,H
2016-12-29 08:44:00 UTC,-0.1,-3,L
2016-12-29 15:05:00 UTC,3.2,98,H
2016-12-29 19:59:00 UTC,1.4,43,L
2016-12-30 01:21:00 UTC,4.2,128,H
2016-12-30 09:17:00 UTC,-0.1,-3,L
2016-12-30 15:44:00 UTC,3.3,101,H
2016-12-30 20:41:00 UTC,1.4,43,L
2016-12-31 01:59:00 UTC,4.2,128,H
2016-12-31 09:48:00 UTC,-0.2,-6,L
2016-12-31 16:21:00 UTC,3.3,101,H
2016-12-31 21:24:00 UTC,1.3,40,L
